6475288,395,313,391,0,0
6475428,340,313,396,0,0
6475568,340,318,395,0,0
6475708,337,316,400,0,0
6475852,339,319,402,0,0
6475996,341,315,396,0,0
6476132,335,316,391,0,0
6476392,339,321,393,0,0
6477328,337,320,401,0,0
6478264,340,312,398,0,0
6479200,343,318,403,0,0
6480132,339,315,398,0,0
6481068,344,321,401,0,0
6482004,342,316,397,0,0
6482940,341,321,391,0,0
6483872,335,322,423,0,0
6484808,340,312,384,0,0
6485744,339,317,395,0,0
6486680,342,319,398,0,0
6487612,339,316,390,0,0
6488548,337,312,387,0,0
6489484,342,318,399,0,0
6490420,342,318,400,0,0
6491352,336,316,398,0,0
6492288,335,316,396,0,0
6493224,339,323,418,0,0
6494160,342,313,393,0,0
6495092,340,316,396,0,0
6496028,344,317,388,0,0
6496964,337,318,396,0,0
6497900,342,316,401,0,0
6498832,344,313,396,0,0
6499768,345,326,409,0,0
6500704,335,314,391,0,0
6501640,338,316,391,0,0
6502572,339,319,395,0,0
6503508,348,318,375,0,0
6504444,337,312,385,0,0
6505380,336,316,393,0,0
6506312,340,321,389,0,0
6507248,339,312,395,0,0
6508184,339,318,403,0,0
6509120,344,319,399,0,0
6510052,345,319,399,0,0
6510988,339,318,396,0,0
6511924,347,323,408,0,0
6512860,347,312,387,0,0
6513792,338,308,404,0,0
6514728,343,316,401,0,0
6515664,340,316,401,0,0
6516600,340,319,399,0,0
6517532,339,319,399,0,0
6518468,339,318,399,0,0
6519404,341,318,396,0,0
6520340,338,319,399,0,0
6521272,344,321,393,0,0
6522208,342,323,408,0,0
6523144,339,316,403,0,0
6524080,339,321,394,0,0
6525012,344,313,391,0,0
6525948,344,313,391,0,0
6526884,337,315,390,0,0
6527820,339,316,390,0,0
6528752,337,318,403,0,0
6529688,337,318,399,0,0
6530624,339,321,390,0,0
6531560,335,313,390,0,0
6532492,348,330,401,0,0
6533428,342,319,408,0,0
6534364,339,322,396,0,0
6535300,335,316,398,0,0
6536232,344,323,407,0,0
6537168,339,319,391,0,0
6538104,342,317,395,0,0
6539040,344,319,399,0,0
6539972,335,319,406,0,0
6540908,338,319,403,0,0
6541844,337,318,401,0,0
6542780,344,313,396,0,0
6543712,339,319,396,0,0
6544648,343,319,396,0,0
6545584,335,318,391,0,0
6546520,338,319,397,0,0
6547452,339,319,395,0,0
6548388,339,317,397,0,0
6549324,343,318,391,0,0
6550260,344,318,398,0,0
6551192,339,316,388,0,0
6552128,351,324,374,0,0
6553064,337,323,398,0,0
6554000,344,318,397,0,0
6554932,335,311,388,0,0
6555868,342,319,396,0,0
6556804,339,316,400,0,0
6557740,344,313,398,0,0
6558672,340,321,393,0,0
6559608,337,319,404,0,0
6560544,342,312,391,0,0
6561480,336,317,398,0,0
6562412,334,316,408,0,0
6563348,342,319,399,0,0
6564284,338,317,400,0,0
6565220,335,319,399,0,0
6566152,338,323,391,0,0
6567088,339,316,390,0,0
6568024,337,317,398,0,0
6568960,337,319,403,0,0
6569892,343,316,393,0,0
6570828,335,311,384,0,0
6571764,342,327,408,0,0
6572700,344,324,401,0,0
6573632,336,314,396,0,0
6574568,339,315,399,0,0
6575504,342,317,388,0,0
6576440,339,318,399,0,0
6577372,335,320,403,0,0
6578308,337,318,398,0,0
6579244,337,312,396,0,0
6580176,337,319,396,0,0
6581112,339,319,408,0,0
6582048,344,323,391,0,0
6582984,335,327,419,0,0
6583920,339,315,408,0,0
6584852,338,316,399,0,0
6585788,340,319,395,0,0
6586724,342,316,387,0,0
6587660,336,318,403,0,0
6588592,339,318,402,0,0
6589528,345,326,407,0,0
6590468,335,316,391,0,0
6591400,340,319,391,0,0
6592332,343,314,396,0,0
6593268,339,312,391,0,0
6594204,339,319,395,0,0
6595140,339,313,396,0,0
6596072,340,320,399,0,0
6597008,339,312,395,0,0
6597944,339,319,402,0,0
6598880,335,311,391,0,0
6599812,342,316,391,0,0
6600748,339,323,399,0,0
6601684,334,316,398,0,0
6602620,343,323,385,0,0
6603552,335,316,409,0,0
6604488,338,319,399,0,0
6605424,336,321,403,0,0
6606360,340,311,390,0,0
6607292,338,319,395,0,0
6608228,337,316,403,0,0
6609164,340,321,403,0,0
6610100,342,312,391,0,0
6611032,340,316,388,0,0
6611976,337,321,402,0,0
6612904,339,318,400,0,0
6613840,348,331,413,0,0
6614772,337,315,402,0,0
6615708,344,319,395,0,0
6616644,337,319,401,0,0
6617580,335,314,393,0,0
6618512,337,315,391,0,0
6619448,339,321,392,0,0
6620384,341,319,403,0,0
6621320,335,310,386,0,0
6622252,342,305,396,0,0
6623188,336,316,387,0,0
6624124,335,317,387,0,0
6625060,342,319,399,0,0
6625992,340,319,393,0,0
6626928,338,315,399,0,0
6627864,340,323,391,0,0
6628800,341,318,394,0,0
6629732,344,317,395,0,0
6630668,343,319,395,0,0
6631604,337,317,390,0,0
6632540,339,314,395,0,0
6633480,337,313,405,0,0
6634408,339,324,391,0,0
6635344,339,319,397,0,0
6636280,340,319,395,0,0
6637212,341,318,398,0,0
6638148,337,312,396,0,0
6639084,338,317,403,0,0
6640020,340,316,391,0,0
6640952,342,313,393,0,0
6641888,335,312,386,0,0
6642824,342,318,406,0,0
6643760,335,318,390,0,0
6644692,339,319,386,0,0
6645628,342,315,397,0,0
6646564,342,316,393,0,0
6647500,340,319,401,0,0
6648432,339,323,401,0,0
6649368,344,312,395,0,0
6650304,335,310,387,0,0
6651240,336,308,385,0,0
6652172,344,318,400,0,0
6653108,340,319,402,0,0
6654044,339,327,403,0,0
6654984,347,319,402,0,0
6655912,339,312,395,0,0
6656848,338,312,397,0,0
6657784,344,316,391,0,0
6658720,340,316,396,0,0
6659652,337,318,391,0,0
6660588,339,313,398,0,0
6661524,339,315,393,0,0
6662460,337,312,392,0,0
6663392,335,314,388,0,0
6664328,342,312,390,0,0
6665264,339,315,390,0,0
6666200,343,319,393,0,0
6667132,344,318,390,0,0
6668068,335,313,395,0,0
6669004,336,317,398,0,0
6669940,340,312,393,0,0
6670872,344,321,406,0,0
6671808,334,309,384,0,0
6672744,335,316,393,0,0
6673680,335,313,384,0,0
6674612,340,313,391,0,0
6675548,337,312,393,0,0
6676488,340,317,398,0,0
6677420,342,316,388,0,0
6678352,341,323,391,0,0
6679288,341,312,398,0,0
6680224,341,316,399,0,0
6681160,337,318,399,0,0
6682092,340,319,396,0,0
6683028,336,316,407,0,0
6683964,334,307,379,0,0
6684900,339,317,396,0,0
6685832,345,318,398,0,0
6686768,343,318,399,0,0
6687704,335,309,384,0,0
6688640,337,316,387,0,0
6689572,345,319,398,0,0
6690508,339,319,393,0,0
6691444,344,317,394,0,0
6692380,341,319,403,0,0
6693312,343,318,407,0,0
6694248,332,311,415,0,0
6695184,340,319,392,0,0
6696120,344,318,391,0,0
6697052,335,317,406,0,0
6697996,339,319,403,0,0
6698924,341,313,387,0,0
6699860,342,316,390,0,0
6700792,345,321,402,0,0
6701728,339,316,400,0,0
6702664,345,323,393,0,0
6703600,337,316,406,0,0
6704532,343,315,398,0,0
6705468,344,323,406,0,0
6706404,340,318,396,0,0
6707340,343,316,398,0,0
6708272,337,317,388,0,0
6709208,339,319,403,0,0
6710144,339,322,398,0,0
6711080,344,323,407,0,0
6712012,337,313,385,0,0
6712948,344,315,396,0,0
6713884,338,317,391,0,0
6714820,342,316,398,0,0
6715752,339,319,393,0,0
6716688,336,312,385,0,0
6717624,343,318,386,0,0
6718560,342,318,399,0,0
6719500,339,312,398,0,0
6720428,343,319,399,0,0
6721364,342,323,409,0,0
6722300,345,319,401,0,0
6723232,337,303,391,0,0
6724168,337,313,390,0,0
6725104,338,312,393,0,0
6726040,335,319,408,0,0
6726972,339,311,391,0,0
6727908,341,319,391,0,0
6728844,339,317,391,0,0
6729780,340,319,404,0,0
6730712,336,314,399,0,0
6731648,336,317,395,0,0
6732584,339,307,380,0,0
6733520,335,316,408,0,0
6734452,340,318,403,0,0
6735388,344,319,399,0,0
6736324,342,319,394,0,0
6737260,339,318,397,0,0
6738192,344,321,408,0,0
6739128,339,313,390,0,0
6740064,342,319,401,0,0
6741004,338,318,407,0,0
6741932,342,313,399,0,0
6742868,340,318,390,0,0
6743804,335,315,388,0,0
6744740,342,316,389,0,0
6745672,337,319,395,0,0
6746608,336,315,386,0,0
6747544,337,319,399,0,0
6748480,341,319,398,0,0
6749412,339,316,391,0,0
6750348,343,315,396,0,0
6751284,335,317,397,0,0
6752220,340,329,416,0,0
6753152,335,312,392,0,0
6754088,344,318,399,0,0
6755024,339,319,401,0,0
6755960,335,313,396,0,0
6756892,339,312,391,0,0
6757828,336,318,399,0,0
6758764,342,319,393,0,0
6759700,339,321,396,0,0
6760632,336,315,394,0,0
6761568,339,318,401,0,0
6762508,342,312,391,0,0
6763440,344,326,382,0,0
6764372,344,316,399,0,0
6765308,342,319,399,0,0
6766244,339,315,391,0,0
6767180,337,318,399,0,0
6768112,339,316,389,0,0
6769048,343,321,397,0,0
6769984,337,316,403,0,0
6770920,334,312,387,0,0
6771852,349,325,394,0,0
6772788,337,315,408,0,0
6773724,339,315,396,0,0
6774660,340,318,400,0,0
6775592,342,313,396,0,0
6776528,335,316,395,0,0
6777464,340,321,399,0,0
6778400,342,315,399,0,0
6779332,343,313,398,0,0
6780268,342,319,387,0,0
6781204,339,318,403,0,0
6782140,347,323,384,0,0
6783072,344,327,415,0,0
6784016,343,316,398,0,0
6784944,339,316,403,0,0
6785880,334,312,403,0,0
6786812,334,305,393,0,0
6787748,335,307,396,0,0
6788684,344,321,391,0,0
6789620,344,319,401,0,0
6790552,341,319,393,0,0
6791488,339,321,405,0,0
6792424,336,316,391,0,0
6793360,338,319,391,0,0
6794292,341,316,393,0,0
6795228,338,321,396,0,0
6796164,337,319,401,0,0
6797100,342,318,398,0,0
6798032,335,313,392,0,0
6798968,336,313,399,0,0
6799904,335,319,398,0,0
6800840,342,317,390,0,0
6801772,338,319,393,0,0
6802708,341,310,371,0,0
6803644,337,318,396,0,0
6804580,344,321,401,0,0
6805520,339,317,403,0,0
6806448,339,319,395,0,0
6807384,339,317,396,0,0
6808320,339,313,398,0,0
6809252,339,313,391,0,0
6810188,335,315,387,0,0
6811124,339,316,399,0,0
6812060,338,319,391,0,0
6812992,342,313,393,0,0
6813928,337,319,394,0,0
6814864,339,319,392,0,0
6815800,339,316,400,0,0
6816732,339,318,398,0,0
6817668,339,319,399,0,0
6818604,340,315,403,0,0
6819540,335,312,387,0,0
6820472,339,319,395,0,0
6821408,342,327,411,0,0
6822344,350,326,376,0,0
6823280,339,326,396,0,0
6824212,343,319,400,0,0
6825148,339,323,403,0,0
6826084,342,315,396,0,0
6827024,338,325,399,0,0
6827952,339,319,403,0,0
6828888,335,312,396,0,0
6829824,337,315,396,0,0
6830760,339,323,404,0,0
6831692,342,319,399,0,0
6832628,345,327,408,0,0
6833564,331,305,404,0,0
6834500,340,318,391,0,0
6835432,337,321,400,0,0
6836368,338,318,399,0,0
6837304,336,319,396,0,0
6838240,340,323,396,0,0
6839172,333,312,395,0,0
6840108,342,323,409,0,0
6841044,339,315,395,0,0
6841980,335,316,403,0,0
6842912,338,319,395,0,0
6843848,339,315,398,0,0
6844784,335,319,407,0,0
6845720,342,321,399,0,0
6846652,334,316,391,0,0
6847588,339,313,392,0,0
6848528,337,324,391,0,0
6849456,337,313,385,0,0
6850392,338,319,399,0,0
6851328,344,323,404,0,0
6852264,340,319,396,0,0
6853200,344,311,396,0,0
6854132,333,311,383,0,0
6855068,335,312,387,0,0
6856004,338,318,399,0,0
6856940,335,321,399,0,0
6857872,339,316,397,0,0
6858808,334,317,399,0,0
6859744,339,323,387,0,0
6860680,336,323,403,0,0
6861612,339,317,401,0,0
6862548,334,317,396,0,0
6863484,335,316,404,0,0
6864420,334,317,399,0,0
6865352,339,323,395,0,0
6866288,338,323,403,0,0
6867224,339,318,400,0,0
6868160,342,319,396,0,0
6869092,337,312,399,0,0
6870036,334,316,396,0,0
6870964,340,321,391,0,0
6871900,342,326,411,0,0
6872832,344,327,412,0,0
6873768,350,321,374,0,0
6874704,334,315,391,0,0
6875640,339,323,389,0,0
6876572,338,322,403,0,0
6877508,336,321,391,0,0
6878444,340,321,399,0,0
6879380,339,321,406,0,0
6880312,341,319,390,0,0
6881248,337,321,396,0,0
6882184,337,321,395,0,0
6883120,343,312,398,0,0
6884988,340,316,399,0,0
6885924,337,315,396,0,0
6886860,339,318,399,0,0
6887792,335,321,403,0,0
6888728,335,319,399,0,0
6889664,344,323,403,0,0
6890600,333,316,390,0,0
6891540,335,318,395,0,0
6892468,331,313,385,0,0
6893404,337,313,393,0,0
6894340,333,318,399,0,0
6895272,337,321,400,0,0
6896208,335,317,393,0,0
6897144,337,323,399,0,0
6898080,338,319,394,0,0
6899012,340,321,390,0,0
6899948,339,321,392,0,0
6900884,342,321,405,0,0
6901820,332,312,379,0,0
6902752,336,319,391,0,0
6903688,335,317,398,0,0
6904624,333,316,393,0,0
6905560,337,319,401,0,0
6906492,335,318,400,0,0
6907428,339,318,390,0,0
6908364,337,318,396,0,0
6909300,337,317,399,0,0
6910232,340,317,388,0,0
6911168,339,320,399,0,0
6912104,344,327,388,0,0
6913044,337,319,391,0,0
6913972,342,316,399,0,0
6914908,334,320,400,0,0
6915844,334,316,399,0,0
6916780,339,321,396,0,0
6917712,339,321,396,0,0
6918648,335,321,396,0,0
6919584,335,316,395,0,0
6920520,339,317,399,0,0
6921452,335,313,388,0,0
6922388,339,319,403,0,0
6923324,348,319,371,0,0
6924256,327,316,399,0,0
6925192,335,319,402,0,0
6926128,341,319,389,0,0
6927064,333,316,399,0,0
6928000,340,323,407,0,0
6928932,337,319,399,0,0
6929868,335,316,401,0,0
6930804,335,319,399,0,0
6931740,339,316,385,0,0
6932672,335,316,407,0,0
6933608,344,332,405,0,0
6934548,339,318,390,0,0
6935480,340,316,396,0,0
6936412,339,319,396,0,0
6937348,339,317,391,0,0
6938284,335,312,387,0,0
6939220,338,314,388,0,0
6940152,337,321,404,0,0
6941088,339,319,396,0,0
6942024,347,327,379,0,0
6942960,334,319,399,0,0
6943892,334,318,395,0,0
6944828,334,316,397,0,0
6945764,335,319,391,0,0
6946700,339,321,399,0,0
6947632,335,313,396,0,0
6948568,334,318,401,0,0
6950440,338,323,408,0,0
6951372,338,317,398,0,0
6952308,339,331,401,0,0
6953244,338,316,396,0,0
6954180,344,327,391,0,0
6955112,338,316,387,0,0
6956052,332,312,388,0,0
6956984,335,315,390,0,0
6957920,338,319,398,0,0
6958852,335,316,393,0,0
6959788,338,313,393,0,0
6960724,336,317,399,0,0
6961660,335,312,399,0,0
6962592,339,319,408,0,0
6963528,342,316,393,0,0
6964464,337,316,400,0,0
6965400,335,318,399,0,0
6966332,335,313,396,0,0
6967268,332,317,398,0,0
6968204,334,316,398,0,0
6969140,336,319,399,0,0
6970072,335,319,399,0,0
6971008,337,316,398,0,0
6971944,343,323,403,0,0
6972880,329,312,389,0,0
6973812,342,319,403,0,0
6974748,335,319,399,0,0
6975684,337,312,391,0,0
6976620,335,319,403,0,0
6977556,337,319,403,0,0
6978488,339,319,399,0,0
6979424,337,316,397,0,0
6980360,335,318,399,0,0
6981292,339,316,402,0,0
6982228,339,327,384,0,0
6983164,336,316,396,0,0
6984100,342,331,401,0,0
6985032,332,319,403,0,0
6985968,332,318,387,0,0
6986904,331,302,391,0,0
6987840,334,306,387,0,0
6988772,347,323,392,0,0
6989708,343,321,392,0,0
6990644,339,324,395,0,0
6991580,337,326,400,0,0
6992512,343,324,407,0,0
6993448,339,323,401,0,0
6994384,336,319,396,0,0
6995320,336,312,393,0,0
6996252,332,313,388,0,0
6997188,339,311,399,0,0
6998124,338,312,395,0,0
6999060,339,310,390,0,0
6999992,341,318,391,0,0
7000928,345,326,407,0,0
7001864,343,327,391,0,0
7002800,342,332,391,0,0
7003732,335,331,406,0,0
7004668,332,316,390,0,0
7005604,340,319,391,0,0
7006540,336,316,396,0,0
7007472,339,319,399,0,0
7008408,342,318,398,0,0
7009344,337,319,399,0,0
7010276,340,320,391,0,0
7011212,335,319,403,0,0
7012148,332,324,406,0,0
7013084,335,319,396,0,0
7014020,342,319,403,0,0
7015888,337,319,403,0,0
7016824,335,318,395,0,0
7017760,337,316,396,0,0
7018692,340,324,411,0,0
7019628,335,319,401,0,0
7020564,344,323,402,0,0
7021500,334,319,399,0,0
7022432,330,313,391,0,0
7023368,335,323,391,0,0
7024304,338,316,403,0,0
7025240,338,319,403,0,0
7026172,336,316,395,0,0
7027108,335,316,397,0,0
7028044,337,316,398,0,0
7028980,335,316,391,0,0
7029912,335,319,404,0,0
7030848,337,322,396,0,0
7031784,332,319,407,0,0
7032720,329,311,384,0,0
7033652,329,304,382,0,0
7034588,335,318,406,0,0
7035524,339,316,397,0,0
7036460,337,316,396,0,0
7037392,340,319,398,0,0
7038328,333,316,393,0,0
7039264,335,318,407,0,0
7040200,337,319,392,0,0
7041132,337,322,408,0,0
7042068,340,315,396,0,0
7043004,342,323,406,0,0
7043940,339,318,399,0,0
7044872,342,324,403,0,0
7045808,339,321,391,0,0
7046744,337,321,396,0,0
7047680,336,316,391,0,0
7048612,337,320,397,0,0
7049548,337,319,398,0,0
7050484,332,319,397,0,0
7051420,335,319,393,0,0
7052352,345,332,403,0,0
7053288,334,326,404,0,0
7054224,344,327,404,0,0
7055160,335,319,399,0,0
7056092,340,318,390,0,0
7057028,339,324,396,0,0
7057964,339,321,398,0,0
7058900,339,319,399,0,0
7059832,340,318,398,0,0
7060768,338,316,399,0,0
7061704,338,323,390,0,0
7062640,336,324,396,0,0
7063572,335,316,390,0,0
7064508,339,320,395,0,0
7065444,339,323,403,0,0
7066380,334,318,392,0,0
7067312,334,318,406,0,0
7068248,340,317,396,0,0
7069184,338,321,396,0,0
7070120,339,319,390,0,0
7071052,335,318,403,0,0
7071988,345,331,409,0,0
7072924,348,327,384,0,0
7073860,339,313,377,0,0
7074792,336,319,401,0,0
7075728,335,317,393,0,0
7076664,337,316,397,0,0
7077600,339,316,388,0,0
7078532,344,327,411,0,0
7079468,343,317,395,0,0
7080404,342,319,391,0,0
7081340,340,324,408,0,0
7082272,348,329,380,0,0
7083208,337,317,403,0,0
7084144,335,313,393,0,0
7085080,340,318,391,0,0
7086012,339,315,398,0,0
7086948,336,321,395,0,0
7087884,333,317,399,0,0
7088820,327,305,387,0,0
7089752,334,312,399,0,0
7090688,338,319,399,0,0
7091624,335,321,388,0,0
7092560,340,327,392,0,0
7093492,336,316,390,0,0
7094428,342,313,391,0,0
7095364,337,316,401,0,0
7096296,335,319,407,0,0
7097232,339,318,394,0,0
7098168,340,321,390,0,0
7099104,335,319,402,0,0
7100040,342,319,399,0,0
7100972,335,313,396,0,0
7101908,340,332,405,0,0
7102844,345,316,375,0,0
7103780,345,313,391,0,0
7104712,334,316,393,0,0
7105648,336,317,395,0,0
7106584,342,319,390,0,0
7107520,342,316,396,0,0
7108452,337,319,391,0,0
7109388,337,316,399,0,0
7110324,337,314,396,0,0
7111260,342,326,408,0,0
7112192,339,316,396,0,0
7113128,340,312,396,0,0
7114064,337,315,384,0,0
7115000,339,319,399,0,0
7115932,339,319,397,0,0
7116868,337,319,399,0,0
7117804,337,314,396,0,0
7118736,338,319,404,0,0
7119672,335,317,398,0,0
7120608,332,314,387,0,0
7121544,332,312,388,0,0
7122480,333,312,385,0,0
7123412,340,309,378,0,0
7124348,340,318,399,0,0
7125284,339,320,393,0,0
7126220,337,315,399,0,0
7127152,335,312,384,0,0
7128088,339,312,385,0,0
7129024,342,315,395,0,0
7129960,339,312,390,0,0
7130892,340,326,408,0,0
7131828,342,319,399,0,0
7132764,337,319,399,0,0
7133700,336,319,396,0,0
7134632,340,315,393,0,0
7135568,340,321,401,0,0
7136504,338,313,398,0,0
7137440,335,319,399,0,0
7138372,335,319,398,0,0
7139308,340,326,391,0,0
7140244,337,322,402,0,0
7141180,339,322,403,0,0
7142112,338,316,391,0,0
7143048,335,318,405,0,0
7143984,340,310,396,0,0
7144920,339,319,395,0,0
7145852,340,319,391,0,0
7146788,339,316,393,0,0
7147724,342,314,393,0,0
7148660,334,316,399,0,0
7149592,339,317,397,0,0
7150528,339,302,385,0,0
7151464,338,308,399,0,0
7152400,333,327,401,0,0
7153332,349,332,379,0,0
7154268,339,323,403,0,0
7155204,339,323,391,0,0
7156140,340,323,401,0,0
7157072,338,319,399,0,0
7158008,342,316,395,0,0
7158944,336,321,400,0,0
7159880,339,323,393,0,0
7160812,335,323,407,0,0
7161748,335,310,392,0,0
7162684,349,321,374,0,0
7163620,343,319,402,0,0
7164552,338,323,390,0,0
7165488,338,319,396,0,0
7166424,340,320,397,0,0
7167360,342,319,399,0,0
7168292,342,318,388,0,0
7169228,338,319,396,0,0
7170164,337,319,403,0,0
7171100,344,318,390,0,0
7172032,332,313,385,0,0
7172968,334,324,405,0,0
7173904,343,324,391,0,0
7174840,342,323,399,0,0
7175772,343,322,396,0,0
7176708,343,316,398,0,0
7177644,341,321,389,0,0
7178580,343,319,395,0,0
7179512,336,319,397,0,0
7180448,342,319,400,0,0
7181384,341,321,399,0,0
7182320,344,321,393,0,0
7183252,339,323,393,0,0
7184188,339,319,400,0,0
7185124,342,316,391,0,0
7186060,339,314,401,0,0
7186992,337,319,395,0,0
7187928,340,321,390,0,0
7188864,342,322,399,0,0
7189800,335,312,384,0,0
7190732,341,321,399,0,0
7191668,340,323,406,0,0
7192604,335,319,399,0,0
7193536,331,322,411,0,0
7194472,335,315,391,0,0
7195408,338,315,386,0,0
7196344,344,323,401,0,0
7197280,344,318,398,0,0
7198212,343,317,390,0,0
7199148,340,316,400,0,0
7200084,345,319,404,0,0
7201020,343,315,388,0,0
7201952,337,307,391,0,0
7202888,345,321,391,0,0
7203824,352,319,417,0,0
7204760,338,310,388,0,0
7205692,340,310,386,0,0
7206628,342,313,395,0,0
7207564,345,319,404,0,0
7208500,340,312,388,0,0
7209432,344,317,391,0,0
7210368,345,317,393,0,0
7211304,343,316,391,0,0
7212240,347,319,396,0,0
7213172,349,318,393,0,0
7214108,342,318,408,0,0
7215044,335,319,401,0,0
7215980,344,323,387,0,0
7216912,342,315,399,0,0
7217848,337,318,396,0,0
7218784,339,318,400,0,0
7219720,336,319,403,0,0
7220652,345,320,393,0,0
7221588,334,310,385,0,0
7222524,344,313,391,0,0
7223460,345,321,398,0,0
7224392,339,322,396,0,0
7225328,344,316,399,0,0
7226264,341,313,403,0,0
7227200,343,312,388,0,0
7228132,339,318,388,0,0
7229068,339,312,389,0,0
7230004,347,311,399,0,0
7230940,346,318,396,0,0
7231872,344,316,401,0,0
7232808,351,326,414,0,0
7233744,334,305,404,0,0
7234680,339,313,390,0,0
7235612,344,316,391,0,0
7236548,343,321,399,0,0
7237484,344,318,399,0,0
7238420,344,316,399,0,0
7239352,344,315,397,0,0
7240288,346,316,394,0,0
7241224,347,316,393,0,0
7242160,347,316,393,0,0
7243092,340,315,404,0,0
7244028,342,316,395,0,0
7244964,340,316,401,0,0
7245900,340,307,393,0,0
7246832,338,319,396,0,0
7247768,339,320,399,0,0
7248704,335,316,403,0,0
7249640,337,308,395,0,0
7250572,341,316,396,0,0
7251508,343,316,385,0,0
7252444,327,316,419,0,0
7253380,321,308,415,0,0
7254312,334,316,388,0,0
7255248,336,319,399,0,0
7256184,329,313,396,0,0
7257120,332,312,401,0,0
7258052,337,312,395,0,0
7258988,335,315,401,0,0
7259924,327,313,391,0,0
7260860,329,311,398,0,0
7261792,327,313,410,0,0
7262728,327,316,401,0,0
7263664,331,316,393,0,0
7264600,329,316,390,0,0
7265532,332,313,387,0,0
7266468,332,318,399,0,0
7267404,335,313,391,0,0
7268336,331,313,385,0,0
7269272,329,315,388,0,0
7270208,339,316,398,0,0
7271144,335,307,384,0,0
7272080,327,320,411,0,0
7273012,340,307,377,0,0
7273948,336,311,391,0,0
7274884,331,310,396,0,0
7275820,331,310,399,0,0
7276752,334,313,396,0,0
7277688,329,312,399,0,0
7278624,335,313,395,0,0
7279560,335,318,391,0,0
7280492,335,309,387,0,0
7281428,339,316,385,0,0
7282364,326,295,372,0,0
7283300,344,295,375,0,0
7284232,342,287,359,0,0
7285168,338,287,384,0,0
7286104,323,294,407,0,0
7287040,321,319,401,0,0
7287972,322,329,384,0,0
7288908,316,319,395,0,0
7289844,319,319,408,0,0
7290780,323,319,396,0,0
7291712,323,316,393,0,0
7292648,327,315,379,0,0
7293584,334,303,391,0,0
7294520,342,304,400,0,0
7295452,340,312,388,0,0
7296388,345,306,391,0,0
7297324,342,315,393,0,0
7298260,334,316,395,0,0
7299192,337,323,395,0,0
7300128,344,311,377,0,0
7301064,342,307,391,0,0
7302000,342,315,396,0,0
7302932,344,305,384,0,0
7303868,358,316,384,0,0
7304804,342,313,397,0,0
7305740,339,313,399,0,0
7306672,345,316,385,0,0
7307608,339,322,396,0,0
7308544,343,322,391,0,0
7309480,335,307,423,0,0
7310412,332,323,408,0,0
7311348,332,315,377,0,0
7312284,335,313,412,0,0
7313220,315,319,416,0,0
7314152,322,335,377,0,0
7315088,327,299,399,0,0
7316024,327,312,412,0,0
7316960,331,325,399,0,0
7317892,332,323,403,0,0
7318828,332,322,407,0,0
7319764,322,323,399,0,0
7320700,332,312,393,0,0
7321632,335,301,380,0,0
7322568,334,322,408,0,0
7323504,332,307,390,0,0
7324440,335,311,375,0,0
7325372,337,304,384,0,0
7326308,335,305,401,0,0
7327244,331,310,388,0,0
7328180,329,299,399,0,0
7329112,332,309,387,0,0
7330048,345,316,396,0,0
7330984,346,319,396,0,0
7331920,343,318,399,0,0
7332852,353,307,382,0,0
7333788,340,304,388,0,0
7334724,334,308,409,0,0
7335660,323,321,423,0,0
7336592,321,334,384,0,0
7337528,323,312,379,0,0
7338464,324,301,414,0,0
7339400,335,323,415,0,0
7340332,339,327,384,0,0
7341268,335,321,403,0,0
7342204,316,319,403,0,0
7343140,323,323,385,0,0
7344072,318,313,391,0,0
7345008,327,303,409,0,0
7345944,334,312,398,0,0
7346880,339,310,384,0,0
7347812,337,312,399,0,0
7348748,335,319,390,0,0
7349684,334,316,401,0,0
7350620,332,319,391,0,0
7351552,323,308,395,0,0
7352488,321,302,401,0,0
7353424,323,312,398,0,0
7354360,343,319,369,0,0
7355292,344,304,391,0,0
7356228,334,314,415,0,0
7357164,319,325,391,0,0
7358100,327,323,397,0,0
7359032,337,323,399,0,0
7359968,338,316,417,0,0
7360904,327,315,400,0,0
7361840,335,319,403,0,0
7362772,337,300,396,0,0
7363708,344,305,399,0,0
7364644,330,312,401,0,0
7365580,333,309,391,0,0
7366512,339,312,380,0,0
7367448,344,311,390,0,0
7368384,332,312,419,0,0
7369320,325,319,402,0,0
7370252,332,323,399,0,0
7371188,327,313,390,0,0
7372124,316,312,404,0,0
7373060,321,318,391,0,0
7373992,323,318,385,0,0
7374928,318,315,397,0,0
7375864,331,307,391,0,0
7376800,339,300,387,0,0
7377732,353,307,384,0,0
7378668,355,295,400,0,0
7379604,339,313,425,0,0
7380540,327,329,409,0,0
7381472,319,321,374,0,0
7382408,323,312,387,0,0
7383344,344,319,400,0,0
7384280,338,310,403,0,0
7385212,347,319,384,0,0
7386148,356,307,384,0,0
7387084,349,300,388,0,0
7388020,338,317,408,0,0
7388952,323,326,410,0,0
7389888,313,319,384,0,0
7390824,319,319,401,0,0
7391760,312,318,403,0,0
7392692,321,323,403,0,0
7393628,332,316,381,0,0
7394564,339,306,401,0,0
7395500,337,313,397,0,0
7396432,334,312,377,0,0
7397368,344,305,394,0,0
7398304,352,308,401,0,0
7399240,332,312,423,0,0
7400172,319,319,385,0,0
7401108,325,315,404,0,0
7402044,314,302,406,0,0
7402980,307,308,395,0,0
7403912,302,313,384,0,0
7404848,308,315,377,0,0
7405784,318,323,395,0,0
7406720,321,310,391,0,0
7407652,319,299,395,0,0
7408588,327,305,391,0,0
7409524,339,306,390,0,0
7410460,340,305,393,0,0
7411392,338,308,390,0,0
7412328,357,321,396,0,0
7413264,350,312,391,0,0
7414200,363,319,387,0,0
7415132,352,312,403,0,0
7416068,327,321,419,0,0
7417004,328,338,393,0,0
7417940,330,313,385,0,0
7418872,319,313,410,0,0
7419808,319,316,403,0,0
7420744,327,316,398,0,0
7421680,318,312,393,0,0
7422612,319,322,385,0,0
7423548,321,319,384,0,0
7424484,323,312,387,0,0
7425420,337,317,409,0,0
7426352,322,313,403,0,0
7427288,322,321,386,0,0
7428224,327,317,389,0,0
7429160,335,307,401,0,0
7430092,326,305,409,0,0
7431028,327,313,388,0,0
7431964,327,310,391,0,0
7432900,337,321,385,0,0
7433832,335,319,403,0,0
7434768,321,324,407,0,0
7435704,329,321,386,0,0
7436640,326,319,385,0,0
7437572,327,312,398,0,0
7438508,323,307,403,0,0
7439444,329,316,387,0,0
7440376,326,316,390,0,0
7441312,321,317,399,0,0
7442248,319,313,395,0,0
7443184,318,307,388,0,0
7444120,327,312,407,0,0
7445052,325,316,388,0,0
7445988,344,307,390,0,0
7446924,351,307,395,0,0
7447860,353,315,401,0,0
7448792,348,320,406,0,0
7449728,340,321,391,0,0
7450664,334,310,388,0,0
7451600,327,316,403,0,0
7452532,323,331,406,0,0
7453468,332,327,384,0,0
7454404,318,319,395,0,0
7455340,331,314,390,0,0
7456272,335,305,399,0,0
7457208,331,319,402,0,0
7458144,322,317,396,0,0
7459080,334,307,393,0,0
7460012,338,307,388,0,0
7460948,337,323,403,0,0
7461884,319,315,412,0,0
7462820,326,321,391,0,0
7463752,335,305,391,0,0
7464688,333,312,396,0,0
7465624,340,316,396,0,0
7466560,334,306,400,0,0
7467492,327,312,398,0,0
7468428,326,313,403,0,0
7469364,323,312,395,0,0
7470300,335,312,390,0,0
7471232,337,304,385,0,0
7472168,323,312,396,0,0
7473104,323,307,376,0,0
7474040,326,310,393,0,0
7474972,322,308,406,0,0
7475908,319,318,399,0,0
7476844,327,304,395,0,0
7477780,347,307,380,0,0
7478712,348,310,391,0,0
7479648,340,314,399,0,0
7480584,332,318,401,0,0
7481520,335,319,382,0,0
7482452,343,305,398,0,0
7483388,324,295,396,0,0
7484324,341,311,396,0,0
7485260,353,315,391,0,0
7486192,344,321,399,0,0
7487128,306,319,417,0,0
7488064,307,332,387,0,0
7489000,315,321,393,0,0
7489932,323,312,388,0,0
7490868,330,305,390,0,0
7491804,344,298,396,0,0
7492740,364,312,385,0,0
7493672,359,315,408,0,0
7494608,342,326,404,0,0
7495544,334,323,391,0,0
7496480,331,301,399,0,0
7497412,329,316,393,0,0
7498348,339,312,382,0,0
7499284,327,307,404,0,0
7500220,317,319,403,0,0
7501152,315,327,386,0,0
7502088,319,312,399,0,0
7503024,317,311,408,0,0
7503960,319,313,406,0,0
7504892,326,323,387,0,0
7505828,339,316,384,0,0
7506764,342,312,396,0,0
7507700,344,312,399,0,0
7508632,342,305,393,0,0
7509568,332,321,396,0,0
7510504,333,323,396,0,0
7511440,336,317,400,0,0
7512372,334,304,401,0,0
7513308,320,333,404,0,0
7514244,327,322,384,0,0
7515180,321,312,401,0,0
7516112,317,310,400,0,0
7517048,332,318,396,0,0
7517984,347,315,398,0,0
7518920,344,304,403,0,0
7519852,335,319,412,0,0
7520788,330,326,404,0,0
7521724,316,310,410,0,0
7522660,324,313,422,0,0
7523592,335,327,408,0,0
7524528,337,318,399,0,0
7525464,355,313,379,0,0
7526400,343,312,415,0,0
7527332,327,321,395,0,0
7528268,332,319,382,0,0
7529204,327,311,391,0,0
7530140,326,317,396,0,0
7531072,323,323,401,0,0
7532008,332,323,387,0,0
7532944,345,312,388,0,0
7533880,357,316,399,0,0
7534812,356,313,388,0,0
7535748,353,312,399,0,0
7536684,323,319,408,0,0
7537620,315,321,397,0,0
7538552,316,309,371,0,0
7539488,335,308,395,0,0
7540424,318,308,401,0,0
7541360,313,312,399,0,0
7542292,326,308,385,0,0
7543228,348,306,399,0,0
7544164,347,312,398,0,0
7545100,337,313,403,0,0
7546032,347,319,395,0,0
7546968,348,310,396,0,0
7547908,339,321,408,0,0
7548840,344,315,390,0,0
7549772,364,319,379,0,0
7550708,363,306,394,0,0
7551644,347,308,419,0,0
7552580,342,319,409,0,0
7553512,329,309,384,0,0
7554448,318,316,396,0,0
7555384,294,315,399,0,0
7556320,300,321,393,0,0
7557252,312,313,398,0,0
7558188,337,313,384,0,0
7559124,349,312,385,0,0
7560060,347,300,398,0,0
7560992,369,304,391,0,0
7561928,359,304,412,0,0
7562864,358,319,397,0,0
7563800,332,323,396,0,0
7564732,319,310,400,0,0
7565668,312,313,398,0,0
7566604,326,303,382,0,0
7567540,332,300,384,0,0
7568472,340,319,404,0,0
7569416,329,324,399,0,0
7570344,329,322,388,0,0
7571280,336,312,399,0,0
7572212,333,304,396,0,0
7573148,326,308,398,0,0
7574084,344,310,388,0,0
7575020,350,315,395,0,0
7575952,345,307,393,0,0
7576888,344,310,393,0,0
7577824,355,318,385,0,0
7578760,353,303,401,0,0
7579692,331,318,400,0,0
7580628,316,310,385,0,0
7581564,335,319,371,0,0
7582500,350,316,391,0,0
7583432,323,310,422,0,0
7584368,307,321,396,0,0
7585304,316,316,382,0,0
7586240,333,300,391,0,0
7587172,352,307,393,0,0
7588108,344,312,409,0,0
7589044,343,329,398,0,0
7589980,340,323,391,0,0
7590920,319,319,403,0,0
7591848,313,321,396,0,0
7592784,318,312,403,0,0
7593720,339,316,382,0,0
7594652,348,307,404,0,0
7595588,344,316,399,0,0
7596524,335,327,396,0,0
7597460,335,316,390,0,0
7598392,348,312,387,0,0
7599328,344,303,399,0,0
7600264,336,321,399,0,0
7601200,323,319,390,0,0
7602132,324,321,397,0,0
7603068,313,316,401,0,0
7604004,317,307,403,0,0
7605872,337,314,403,0,0
7606808,345,316,401,0,0
7607744,352,316,399,0,0
7608680,341,327,396,0,0
7609612,342,312,397,0,0
7610548,343,311,391,0,0
7611484,348,304,408,0,0
7612424,344,310,401,0,0
7613352,319,314,414,0,0
7614288,335,321,384,0,0
7615224,339,312,397,0,0
7616160,348,327,401,0,0
7617092,346,321,399,0,0
7618028,329,309,402,0,0
7618964,310,313,391,0,0
7619900,315,323,393,0,0
7620832,334,307,395,0,0
7621768,331,307,411,0,0
7622704,332,318,382,0,0
7623640,335,319,393,0,0
7624572,334,313,391,0,0
7625508,355,313,384,0,0
7626444,355,312,399,0,0
7627380,341,316,406,0,0
7628312,327,305,399,0,0
7629248,318,319,396,0,0
7630184,335,310,387,0,0
7631120,355,312,398,0,0
7632052,358,304,376,0,0
7632988,363,319,382,0,0
7633928,352,310,403,0,0
7634860,335,321,403,0,0
7635792,324,315,396,0,0
7636728,345,318,384,0,0
7637664,348,304,408,0,0
7638600,337,316,398,0,0
7639532,337,319,387,0,0
7640468,331,316,407,0,0
7641404,313,304,392,0,0
7642340,352,305,387,0,0
7643272,384,315,404,0,0
7644208,351,323,412,0,0
7645144,295,327,399,0,0
7646080,280,316,380,0,0
7647012,307,302,396,0,0
7647948,322,302,399,0,0
7648884,335,308,406,0,0
7649820,340,316,396,0,0
7650752,344,321,398,0,0
7651688,326,312,379,0,0
7652624,323,317,408,0,0
7653560,327,311,398,0,0
7654492,333,305,396,0,0
7655436,344,319,403,0,0
7656364,344,326,391,0,0
7657300,334,312,396,0,0
7658232,335,314,396,0,0
7659168,347,312,401,0,0
7660104,365,310,391,0,0
7661040,388,327,384,0,0
7661972,380,311,401,0,0
7662908,335,308,419,0,0
7663844,319,318,411,0,0
7664780,329,313,396,0,0
7665712,332,313,398,0,0
7666648,300,321,403,0,0
7667584,267,321,393,0,0
7668520,291,312,375,0,0
7669452,324,295,382,0,0
7671324,332,303,391,0,0
7672260,327,312,391,0,0
7673192,340,312,406,0,0
7674128,346,312,397,0,0
7675064,352,319,400,0,0
7676000,357,313,388,0,0
7676940,341,311,391,0,0
7677868,332,311,391,0,0
7678804,348,316,387,0,0
7679740,359,308,414,0,0
7680672,339,311,399,0,0
7681608,337,316,393,0,0
7682544,321,303,391,0,0
7683480,339,307,391,0,0
7684412,327,310,396,0,0
7685348,323,311,393,0,0
7686284,323,313,393,0,0
7687220,333,310,401,0,0
7688152,342,313,395,0,0
7689088,335,312,393,0,0
7690024,343,312,396,0,0
7690960,352,317,393,0,0
7691892,352,316,391,0,0
7692828,349,319,396,0,0
7693764,352,318,394,0,0
7694700,337,317,391,0,0
7695632,323,317,394,0,0
7696568,321,308,384,0,0
7697504,323,308,399,0,0
7698444,333,315,391,0,0
7699372,337,313,387,0,0
7700308,327,317,401,0,0
7701244,323,319,399,0,0
7702180,319,316,396,0,0
7703112,334,319,411,0,0
7704048,339,302,385,0,0
7704984,349,308,403,0,0
7705920,365,319,391,0,0
7706852,365,312,403,0,0
7707788,347,311,397,0,0
7708724,332,321,396,0,0
7709660,327,321,400,0,0
7710592,323,319,399,0,0
7711528,337,323,380,0,0
7712464,337,312,401,0,0
7713400,347,307,408,0,0
7714332,344,315,399,0,0
7715268,345,319,396,0,0
7716204,344,310,405,0,0
7717140,350,318,387,0,0
7718072,342,319,409,0,0
7719008,325,323,403,0,0
7719948,321,316,396,0,0
7720880,332,316,388,0,0
7721812,327,297,380,0,0
7722748,344,325,401,0,0
7723684,355,313,395,0,0
7724620,363,317,400,0,0
7725552,369,312,395,0,0
7726488,345,321,399,0,0
7727424,318,323,395,0,0
7728360,307,310,396,0,0
7729292,304,312,395,0,0
7730228,332,316,395,0,0
7731164,339,306,404,0,0
7732100,339,308,393,0,0
7733032,351,312,385,0,0
7733968,356,313,387,0,0
7734904,355,314,397,0,0
7736772,371,318,388,0,0
7737708,366,319,396,0,0
7738644,353,327,411,0,0
7739580,355,319,394,0,0
7740512,344,303,403,0,0
7741456,352,312,391,0,0
7742384,383,321,391,0,0
7743320,382,309,399,0,0
7744252,345,316,408,0,0
7745188,342,327,391,0,0
7746124,354,318,379,0,0
7747060,345,323,398,0,0
7747992,307,319,403,0,0
7748928,300,317,396,0,0
7749864,319,312,401,0,0
7750800,319,313,391,0,0
7751732,309,295,377,0,0
7752668,319,312,405,0,0
7753604,334,306,387,0,0
7754540,345,313,400,0,0
7755472,347,318,395,0,0
7756408,356,316,393,0,0
7757344,333,310,385,0,0
7758280,323,312,384,0,0
7759212,331,311,396,0,0
7760148,350,313,399,0,0
7761084,345,319,381,0,0
7762020,319,326,403,0,0
7762960,307,312,403,0,0
7763888,313,309,395,0,0
7764824,344,313,403,0,0
7765760,364,307,394,0,0
7766692,353,319,388,0,0
7767628,323,323,398,0,0
7768564,312,307,388,0,0
7769500,333,315,381,0,0
7770432,348,305,396,0,0
7771368,351,311,405,0,0
7772304,364,312,375,0,0
7773240,353,318,379,0,0
7774172,318,315,393,0,0
7775108,321,309,391,0,0
7776044,319,307,396,0,0
7776980,334,307,396,0,0
7777912,338,307,381,0,0
7778848,327,317,406,0,0
7779784,323,319,403,0,0
7780720,326,318,393,0,0
7781652,321,304,408,0,0
7782588,339,318,381,0,0
7783524,334,315,393,0,0
7784464,355,321,395,0,0
7785392,355,323,397,0,0
7786328,335,316,392,0,0
7787264,312,312,404,0,0
7788200,308,308,396,0,0
7789132,319,300,394,0,0
7790068,342,315,397,0,0
7791004,352,319,384,0,0
7791940,335,316,398,0,0
7792872,332,323,391,0,0
7793808,342,306,387,0,0
7794744,359,304,398,0,0
7795680,345,314,398,0,0
7796612,335,323,396,0,0
7797548,334,311,393,0,0
7798484,331,311,400,0,0
7799420,329,307,397,0,0
7800352,334,312,390,0,0
7801288,352,298,403,0,0
7802224,355,303,415,0,0
7803160,333,323,391,0,0
7804092,319,327,398,0,0
7805028,326,319,391,0,0
7805968,330,310,399,0,0
7806896,321,312,394,0,0
7807832,312,313,393,0,0
7808768,329,319,396,0,0
7809704,327,313,401,0,0
7810640,334,316,396,0,0
7811572,352,321,387,0,0
7812508,343,315,397,0,0
7813444,333,324,401,0,0
7814380,336,318,390,0,0
7815312,327,318,402,0,0
7816248,327,316,403,0,0
7817184,329,313,397,0,0
7818116,335,312,391,0,0
7819052,335,318,406,0,0
7819988,337,321,396,0,0
7820924,333,315,396,0,0
7821860,327,304,385,0,0
7822792,339,316,417,0,0
7823728,335,310,396,0,0
7824664,335,313,398,0,0
7825600,334,313,390,0,0
7826532,337,312,396,0,0
7827476,337,314,391,0,0
7828404,335,318,402,0,0
7829340,322,314,399,0,0
7830272,319,315,390,0,0
7831208,327,315,399,0,0
7832144,335,312,401,0,0
7833080,350,317,387,0,0
7834012,349,315,406,0,0
7834948,344,316,397,0,0
7835884,338,308,399,0,0
7836820,326,319,401,0,0
7837752,327,312,384,0,0
7838688,335,307,387,0,0
7839624,351,308,398,0,0
7840560,342,313,393,0,0
7841492,342,319,397,0,0
7842428,335,319,397,0,0
7843364,335,312,396,0,0
7844300,327,312,390,0,0
7845232,329,313,391,0,0
7846168,332,308,391,0,0
7847104,338,313,384,0,0
7848040,338,309,396,0,0
7848980,331,313,400,0,0
7849908,335,316,402,0,0
7850844,337,316,396,0,0
7851780,337,316,393,0,0
7852712,335,317,388,0,0
7853648,338,316,399,0,0
7854584,339,312,393,0,0
7855520,342,311,396,0,0
7856452,345,315,398,0,0
7857388,334,315,396,0,0
7858324,334,312,387,0,0
7859260,330,310,387,0,0
7860192,337,317,396,0,0
7861128,340,312,404,0,0
7862064,371,319,368,0,0
7863000,355,304,393,0,0
7863932,346,316,396,0,0
7864868,335,313,401,0,0
7865804,336,318,399,0,0
7866740,345,316,391,0,0
7867672,339,307,393,0,0
7868608,329,315,401,0,0
7869544,327,313,398,0,0
7870484,329,312,393,0,0
7871412,333,316,396,0,0
7872348,327,314,403,0,0
7873284,344,316,390,0,0
7874220,337,312,391,0,0
7875152,342,319,396,0,0
7876088,343,315,395,0,0
7877024,337,313,399,0,0
7877960,348,316,400,0,0
7878892,342,311,391,0,0
7879828,344,315,396,0,0
7880764,337,311,390,0,0
7881696,334,318,396,0,0
7882632,319,312,414,0,0
7883568,332,315,397,0,0
7884504,334,319,399,0,0
7885440,339,312,391,0,0
7886372,348,313,396,0,0
7887308,351,321,395,0,0
7888244,350,316,384,0,0
7889180,342,316,399,0,0
7890112,342,319,393,0,0
7891048,340,312,401,0,0
7891988,345,323,398,0,0
7892920,350,319,401,0,0
7893852,337,312,403,0,0
7894788,328,323,398,0,0
7895724,336,315,397,0,0
7896660,338,317,401,0,0
7897592,339,318,391,0,0
7898528,342,319,399,0,0
7899464,344,316,391,0,0
7900400,340,310,399,0,0
7901332,342,308,377,0,0
7902268,334,319,413,0,0
7903204,344,318,406,0,0
7904140,334,319,404,0,0
7905072,330,309,384,0,0
7906008,329,312,400,0,0
7906944,332,315,387,0,0
7907880,343,312,388,0,0
7908812,355,307,403,0,0
7909748,369,313,380,0,0
7910684,380,310,387,0,0
7911620,361,327,393,0,0
7912552,345,331,399,0,0
7913492,327,322,403,0,0
7914424,319,313,401,0,0
7915360,317,316,385,0,0
7916292,309,313,401,0,0
7917228,318,307,391,0,0
7918164,333,309,390,0,0
7919100,345,319,395,0,0
7920032,355,318,402,0,0
7920968,339,315,409,0,0
7921904,339,307,380,0,0
7922840,336,327,419,0,0
7923772,335,318,403,0,0
7924708,334,313,403,0,0
7925644,337,319,391,0,0
7926580,348,312,393,0,0
7927512,353,310,395,0,0
7928448,359,319,397,0,0
7929384,349,316,398,0,0
7930320,327,323,406,0,0
7931252,332,316,399,0,0
7932188,341,322,384,0,0
7933124,358,304,403,0,0
7934060,335,307,391,0,0
7934996,337,315,382,0,0
7935928,352,309,385,0,0
7936864,364,312,399,0,0
7937800,356,319,403,0,0
7938732,352,327,387,0,0
7939668,347,306,385,0,0
7940604,340,312,398,0,0
7941540,347,318,403,0,0
7942472,348,317,388,0,0
7943408,333,316,401,0,0
7944344,319,327,396,0,0
7945280,316,315,397,0,0
7946212,304,311,382,0,0
7947148,316,316,403,0,0
7948084,312,305,384,0,0
7949020,335,325,408,0,0
7949952,329,304,391,0,0
7950888,332,315,400,0,0
7951824,345,319,377,0,0
7952760,369,315,376,0,0
7953692,367,318,403,0,0
7954628,363,324,409,0,0
7955564,367,323,403,0,0
7956500,356,314,388,0,0
7957432,343,319,403,0,0
7958368,326,313,401,0,0
7959304,315,319,396,0,0
7960240,315,313,392,0,0
7961172,312,310,391,0,0
7962108,337,309,379,0,0
7963044,344,312,385,0,0
7963980,366,322,387,0,0
7964912,368,316,409,0,0
7965848,351,323,387,0,0
7966784,339,311,391,0,0
7967720,322,316,404,0,0
7968652,312,318,391,0,0
7969588,327,305,390,0,0
7970524,334,310,395,0,0
7971460,339,310,380,0,0
7972392,339,317,412,0,0
7973328,353,327,415,0,0
7974264,344,319,391,0,0
7975200,321,318,401,0,0
7976132,324,319,389,0,0
7977068,334,308,387,0,0
7978004,339,325,407,0,0
7978940,318,321,408,0,0
7979872,317,327,399,0,0
7980808,318,313,387,0,0
7981744,319,313,396,0,0
7982680,332,316,387,0,0
7983612,350,312,401,0,0
7984548,369,309,392,0,0
7985484,379,312,393,0,0
7986420,369,321,403,0,0
7987352,344,327,384,0,0
7988288,350,319,393,0,0
7989224,339,307,388,0,0
7990160,328,315,401,0,0
7991092,339,312,385,0,0
7992028,355,319,396,0,0
7992964,352,312,403,0,0
7993900,335,326,395,0,0
7994832,318,316,406,0,0
7995768,313,318,396,0,0
7996704,316,316,399,0,0
7997640,313,308,399,0,0
7998572,335,311,387,0,0
7999508,350,315,403,0,0
8000444,335,323,406,0,0
8001380,322,310,376,0,0
8002312,348,310,371,0,0
8003248,332,310,404,0,0
8004184,345,321,408,0,0
8005120,353,321,387,0,0
8006052,361,309,391,0,0
8006988,343,315,398,0,0
8007924,337,315,398,0,0
8008860,343,311,390,0,0
8009792,340,312,399,0,0
8010728,332,313,401,0,0
8011664,316,305,393,0,0
8012600,329,319,403,0,0
8013532,328,310,395,0,0
8014468,344,315,392,0,0
8015404,352,319,390,0,0
8016340,335,313,408,0,0
8017272,332,317,397,0,0
8018208,323,315,399,0,0
8019144,327,316,388,0,0
8020080,340,315,413,0,0
8021012,335,306,414,0,0
8021948,371,305,377,0,0
8022884,371,332,412,0,0
8023820,355,319,403,0,0
8024752,342,327,395,0,0
8025688,343,322,401,0,0
8026624,340,313,396,0,0
8027560,334,313,403,0,0
8028492,335,307,390,0,0
8029428,344,319,393,0,0
8030364,334,319,392,0,0
8031300,313,319,406,0,0
8032232,310,311,392,0,0
8033168,323,316,384,0,0
8034104,326,309,387,0,0
8035040,345,312,391,0,0
8035972,359,304,397,0,0
8036908,368,323,395,0,0
8037844,370,332,401,0,0
8038780,361,321,393,0,0
8039712,336,312,390,0,0
8040648,327,327,399,0,0
8041584,316,311,391,0,0
8042520,340,315,395,0,0
8043452,344,319,393,0,0
8044388,326,312,409,0,0
8045324,319,319,396,0,0
8046260,332,312,384,0,0
8047192,344,312,392,0,0
8048128,349,313,403,0,0
8049064,359,312,398,0,0
8050000,361,307,404,0,0
8050932,353,331,417,0,0
8051868,348,326,384,0,0
8052804,322,306,399,0,0
8053740,307,310,401,0,0
8054672,321,318,384,0,0
8055608,349,312,391,0,0
8056544,345,319,406,0,0
8057480,327,323,396,0,0
8058412,329,316,394,0,0
8059348,338,308,388,0,0
8060284,350,308,407,0,0
8061220,344,305,384,0,0
8062152,342,315,391,0,0
8063088,339,319,391,0,0
8064024,329,316,396,0,0
8064960,321,317,397,0,0
8065892,317,316,399,0,0
8066828,326,318,395,0,0
8067764,335,316,402,0,0
8068700,326,304,397,0,0
8069632,338,318,390,0,0
8070568,375,321,390,0,0
8071504,388,319,403,0,0
8072440,347,318,419,0,0
8073372,319,328,396,0,0
8074308,333,318,395,0,0
8075244,339,307,391,0,0
8076176,342,308,399,0,0
8077112,332,316,396,0,0
8078048,319,312,391,0,0
8078984,332,319,393,0,0
8079920,339,310,399,0,0
8080852,335,311,387,0,0
8081788,347,309,391,0,0
8082724,357,310,415,0,0
8083660,363,310,393,0,0
8084592,363,317,391,0,0
8085528,354,321,396,0,0
8086464,339,316,399,0,0
8087400,321,326,408,0,0
8088332,318,326,398,0,0
8089268,326,307,387,0,0
8090204,341,307,401,0,0
8091140,359,312,398,0,0
8092072,355,319,390,0,0
8093008,358,318,393,0,0
8093944,335,312,392,0,0
8094880,315,312,394,0,0
8095812,319,316,393,0,0
8096748,326,308,399,0,0
8097684,329,320,395,0,0
8098620,335,316,390,0,0
8099552,344,310,396,0,0
8100488,342,312,401,0,0
8101424,332,318,387,0,0
8102360,326,319,388,0,0
8103292,350,323,380,0,0
8104228,343,302,398,0,0
8105164,352,312,380,0,0
8106100,366,311,396,0,0
8107032,355,311,403,0,0
8107968,345,316,395,0,0
8108904,333,316,399,0,0
8109840,339,327,391,0,0
8110772,333,313,388,0,0
8111708,326,307,401,0,0
8112644,321,304,394,0,0
8113580,323,305,388,0,0
8114512,357,307,390,0,0
8115448,369,315,390,0,0
8116384,359,316,403,0,0
8117320,343,326,380,0,0
8118252,316,318,408,0,0
8119188,306,319,393,0,0
8120124,315,312,398,0,0
8121060,304,303,387,0,0
8121992,331,301,359,0,0
8122928,374,312,380,0,0
8123864,384,307,401,0,0
8124800,355,318,404,0,0
8125732,340,321,385,0,0
8126668,335,319,398,0,0
8127604,334,313,387,0,0
8128540,333,307,393,0,0
8129472,329,305,391,0,0
8130408,334,315,399,0,0
8131344,357,323,408,0,0
8132280,336,309,384,0,0
8133212,340,324,395,0,0
8134148,355,323,399,0,0
8135084,359,318,391,0,0
8136020,342,313,407,0,0
8136952,344,311,399,0,0
8137888,332,307,384,0,0
8138824,332,313,393,0,0
8139760,348,317,384,0,0
8140692,368,320,409,0,0
8141628,348,319,403,0,0
8142564,323,315,403,0,0
8143500,304,318,398,0,0
8144432,297,319,396,0,0
8145368,307,302,396,0,0
8146304,326,304,399,0,0
8147240,347,312,391,0,0
8148172,372,329,391,0,0
8149108,358,321,393,0,0
8150044,344,325,396,0,0
8150980,327,306,415,0,0
8151912,324,319,390,0,0
8152848,313,321,397,0,0
8153784,317,311,393,0,0
8154720,337,313,403,0,0
8155652,352,302,393,0,0
8156588,377,321,393,0,0
8157524,368,319,401,0,0
8158460,358,333,391,0,0
8159392,345,316,396,0,0
8160328,322,318,402,0,0
8161264,317,307,384,0,0
8162196,339,323,391,0,0
8163132,340,319,401,0,0
8164068,332,326,391,0,0
8165004,329,312,393,0,0
8165940,324,315,396,0,0
8166872,335,312,401,0,0
8167808,348,321,399,0,0
8168744,339,316,396,0,0
8169680,344,316,399,0,0
8170612,350,307,398,0,0
8171548,369,326,395,0,0
8172484,365,327,404,0,0
8173420,344,325,408,0,0
8174352,329,319,403,0,0
8175288,309,312,414,0,0
8176224,305,319,396,0,0
8177160,316,310,393,0,0
8178092,332,313,396,0,0
8179028,335,312,402,0,0
8179964,337,318,391,0,0
8180900,345,319,399,0,0
8181832,348,311,393,0,0
8182768,353,307,404,0,0
8183704,359,311,387,0,0
8184640,335,316,407,0,0
8185572,339,321,395,0,0
8186508,326,308,395,0,0
8187444,320,317,398,0,0
8188380,353,318,386,0,0
8189312,345,308,398,0,0
8190248,333,324,396,0,0
8191184,339,312,390,0,0
8192120,327,312,384,0,0
8193052,334,319,395,0,0
8193988,339,311,395,0,0
8194924,342,315,399,0,0
8195860,334,309,406,0,0
8196792,342,315,385,0,0
8197728,348,328,405,0,0
8198664,341,323,391,0,0
8199600,327,315,401,0,0
8200532,329,315,393,0,0
8201468,315,300,387,0,0
8202404,343,329,396,0,0
8203340,359,308,382,0,0
8204272,359,313,407,0,0
8205208,348,323,414,0,0
8206144,342,313,396,0,0
8207080,343,317,399,0,0
8208012,347,310,393,0,0
8208948,332,318,401,0,0
8209884,332,317,399,0,0
8210820,338,318,395,0,0
8211752,324,300,387,0,0
8212688,358,316,388,0,0
8213624,359,300,386,0,0
8214560,359,322,399,0,0
8215492,352,332,410,0,0
8216428,312,315,397,0,0
8217364,300,327,412,0,0
8218300,316,309,382,0,0
8219232,332,293,405,0,0
8220168,368,311,399,0,0
8221104,370,329,403,0,0
8222040,345,324,396,0,0
8222972,352,326,401,0,0
8223908,350,307,404,0,0
8224844,329,319,393,0,0
8225776,340,312,390,0,0
8226712,359,304,386,0,0
8227648,364,308,408,0,0
8228584,336,327,400,0,0
8229520,334,329,376,0,0
8230452,332,308,397,0,0
8231388,312,321,403,0,0
8232324,309,326,408,0,0
8233260,311,316,399,0,0
8234192,335,313,387,0,0
8235128,353,312,407,0,0
8236064,359,310,388,0,0
8237000,352,319,398,0,0
8237932,348,319,391,0,0
8238868,340,327,395,0,0
8239804,323,306,398,0,0
8240740,331,312,396,0,0
8241672,342,307,401,0,0
8242608,327,323,398,0,0
8243544,319,323,396,0,0
8244480,318,308,396,0,0
8245412,326,306,396,0,0
8246348,348,316,384,0,0
8247284,348,319,401,0,0
8248220,344,312,396,0,0
8249152,347,318,391,0,0
8250088,348,322,412,0,0
8251024,342,309,396,0,0
8251960,355,312,387,0,0
8252892,367,321,422,0,0
8253828,359,337,408,0,0
8254764,303,327,403,0,0
8255700,284,323,398,0,0
8256632,309,307,398,0,0
8257568,334,295,398,0,0
8258504,359,309,388,0,0
8259440,382,313,391,0,0
8260372,362,327,406,0,0
8261308,327,321,402,0,0
8262244,319,312,401,0,0
8263180,332,308,390,0,0
8264112,334,306,401,0,0
8265048,344,312,387,0,0
8265984,359,319,388,0,0
8266920,375,319,396,0,0
8267852,359,337,414,0,0
8268788,317,323,396,0,0
8269724,312,330,389,0,0
8270660,324,313,397,0,0
8271592,319,295,376,0,0
8272528,351,307,391,0,0
8273464,342,311,398,0,0
8274400,348,319,404,0,0
8275332,352,304,385,0,0
8276268,355,322,386,0,0
8277204,337,323,401,0,0
8278140,318,315,395,0,0
8279072,335,310,387,0,0
8280008,327,309,406,0,0
8280944,323,316,391,0,0
8281880,339,311,408,0,0
8282812,335,313,399,0,0
8283748,327,313,395,0,0
8284684,316,322,388,0,0
8285620,295,312,398,0,0
8286552,304,310,401,0,0
8287488,326,305,394,0,0
8288424,349,318,404,0,0
8289360,375,318,393,0,0
8290292,387,315,398,0,0
8291228,374,319,400,0,0
8292164,350,313,392,0,0
8293100,348,315,390,0,0
8294032,323,312,398,0,0
8294968,310,313,402,0,0
8295904,324,324,391,0,0
8296840,319,321,406,0,0
8297772,316,316,407,0,0
8298708,327,313,387,0,0
8299644,358,313,391,0,0
8300580,375,319,399,0,0
8301512,346,322,402,0,0
8302448,326,317,393,0,0
8303384,345,319,396,0,0
8304320,335,297,404,0,0
8305252,365,316,379,0,0
8306188,399,314,388,0,0
8307124,367,318,408,0,0
8308060,326,341,395,0,0
8308992,303,325,399,0,0
8309928,307,310,387,0,0
8310864,322,302,403,0,0
8311796,347,329,395,0,0
8312732,332,312,395,0,0
8313668,355,325,384,0,0
8314604,355,313,388,0,0
8315540,334,324,399,0,0
8316472,308,314,392,0,0
8317408,317,315,395,0,0
8318344,327,307,398,0,0
8319280,339,307,393,0,0
8320212,353,317,408,0,0
8321148,359,316,399,0,0
8322084,356,321,427,0,0
8323020,343,305,390,0,0
8323952,334,332,391,0,0
8324888,316,323,396,0,0
8326760,319,312,384,0,0
8327692,331,308,390,0,0
8328628,332,313,399,0,0
8329564,330,302,393,0,0
8330500,350,300,374,0,0
8331432,371,315,395,0,0
8332368,365,318,391,0,0
8333304,351,331,395,0,0
8334240,335,327,397,0,0
8335172,325,313,398,0,0
8336108,321,322,399,0,0
8337044,316,315,408,0,0
8337980,324,312,397,0,0
8338912,354,326,395,0,0
8339848,342,317,399,0,0
8340784,338,319,395,0,0
8341720,342,312,385,0,0
8342652,338,311,396,0,0
8343588,342,316,406,0,0
8344524,352,319,391,0,0
8345460,350,317,392,0,0
8346392,354,321,387,0,0
8347328,337,318,399,0,0
8348264,332,316,381,0,0
8349200,353,312,401,0,0
8350132,337,311,391,0,0
8351068,319,319,407,0,0
8352004,331,319,388,0,0
8352940,339,312,386,0,0
8353872,340,312,406,0,0
8354808,316,313,405,0,0
8355744,319,315,396,0,0
8356680,323,316,403,0,0
8357612,324,324,406,0,0
8358548,325,310,391,0,0
8359484,334,312,390,0,0
8360420,341,312,408,0,0
8361352,359,329,406,0,0
8362288,335,311,395,0,0
8363224,341,313,387,0,0
8364160,359,316,398,0,0
8365092,348,316,403,0,0
8366028,339,311,403,0,0
8366964,359,314,395,0,0
8367900,364,316,408,0,0
8368832,335,326,401,0,0
8369768,315,316,388,0,0
8370704,327,302,382,0,0
8371640,324,318,385,0,0
8372572,319,304,412,0,0
8373508,321,321,384,0,0
8374444,335,310,385,0,0
8375380,361,313,401,0,0
8376312,348,317,403,0,0
8377248,335,317,388,0,0
8378184,331,313,391,0,0
8379120,331,312,398,0,0
8380052,335,305,398,0,0
8380988,349,312,391,0,0
8381924,371,306,397,0,0
8382860,385,326,384,0,0
8383792,375,321,391,0,0
8384728,344,323,403,0,0
8385664,332,312,393,0,0
8386600,327,318,397,0,0
8387532,324,319,396,0,0
8388468,325,319,404,0,0
8389404,323,319,406,0,0
8390340,334,318,384,0,0
8392208,344,313,408,0,0
8393144,342,316,391,0,0
8394080,337,311,396,0,0
8395012,339,319,398,0,0
8395948,348,316,391,0,0
8396884,350,313,388,0,0
8397816,339,315,402,0,0
8398752,342,318,399,0,0
8399688,352,312,395,0,0
8400624,353,312,401,0,0
8401560,339,327,391,0,0
8402492,334,319,399,0,0
8403428,317,319,393,0,0
8404364,316,319,396,0,0
8405300,319,304,400,0,0
8406232,353,310,380,0,0
8407168,364,316,399,0,0
8408104,339,321,401,0,0
8409040,322,321,395,0,0
8409972,321,321,384,0,0
8410908,321,313,403,0,0
8411844,327,307,408,0,0
8412780,335,316,408,0,0
8413712,348,312,390,0,0
8414648,368,318,387,0,0
8415584,374,321,402,0,0
8416520,355,316,393,0,0
8417452,352,317,387,0,0
8418388,348,297,387,0,0
8419324,337,315,409,0,0
8420260,351,329,391,0,0
8421192,348,315,396,0,0
8422128,318,337,398,0,0
8423064,321,323,384,0,0
8424000,327,302,395,0,0
8424932,337,312,404,0,0
8425868,350,312,388,0,0
8426804,359,319,391,0,0
8427740,352,323,404,0,0
8428672,339,324,399,0,0
8429608,321,319,396,0,0
8430544,294,302,387,0,0
8431480,308,312,399,0,0
8432412,337,304,419,0,0
8433348,354,319,393,0,0
8434284,369,327,398,0,0
8435220,345,313,403,0,0
8436152,335,319,407,0,0
8437088,315,318,389,0,0
8438024,327,315,385,0,0
8438960,352,310,395,0,0
8439892,359,312,403,0,0
8440828,344,346,415,0,0
8441764,325,324,401,0,0
8442700,332,310,406,0,0
8443632,326,321,403,0,0
8444568,339,311,398,0,0
8445504,331,312,403,0,0
8446440,342,317,401,0,0
8447372,337,321,387,0,0
8448308,325,311,390,0,0
8449244,341,312,396,0,0
8450180,350,312,402,0,0
8451112,355,323,380,0,0
8452048,344,323,391,0,0
8452984,345,327,409,0,0
8453920,355,321,390,0,0
8454852,352,304,400,0,0
8455788,355,312,388,0,0
8457660,333,330,411,0,0
8458592,322,319,391,0,0
8459528,329,314,396,0,0
8460464,342,313,388,0,0
8461400,339,323,403,0,0
8462332,351,322,385,0,0
8463268,344,329,393,0,0
8464204,335,308,397,0,0
8465140,353,309,383,0,0
8466072,352,307,408,0,0
8467008,344,333,387,0,0
8467944,332,327,398,0,0
8468880,327,315,403,0,0
8469812,322,319,403,0,0
8470748,340,316,391,0,0
8471684,376,312,400,0,0
8472620,350,310,425,0,0
8473552,339,331,395,0,0
8474488,340,321,382,0,0
8475424,322,319,389,0,0
8476360,318,313,388,0,0
8477292,308,319,391,0,0
8478228,315,316,407,0,0
8479164,335,304,396,0,0
8480100,358,310,404,0,0
8481032,384,335,380,0,0
8481968,361,312,393,0,0
8482904,359,323,387,0,0
8483840,343,312,391,0,0
8484772,339,313,395,0,0
8485708,315,316,414,0,0
8486644,304,321,391,0,0
8487580,305,312,385,0,0
8488512,307,312,403,0,0
8489448,319,313,396,0,0
8490384,337,312,388,0,0
8491320,344,303,398,0,0
8492252,349,327,391,0,0
8493188,345,319,391,0,0
8494124,340,308,395,0,0
8495056,357,310,387,0,0
8495992,359,312,403,0,0
8496928,355,328,391,0,0
8497864,326,310,398,0,0
8498800,321,323,381,0,0
8499732,321,307,391,0,0
8500668,319,313,382,0,0
8501604,333,323,404,0,0
8502540,321,306,408,0,0
8503472,337,315,388,0,0
8504408,344,318,403,0,0
8505348,336,319,384,0,0
8506280,329,318,397,0,0
8507212,325,307,396,0,0
8508148,319,311,396,0,0
8509084,333,313,398,0,0
8510020,345,311,391,0,0
8510952,348,318,403,0,0
8511888,345,323,415,0,0
8512824,342,327,407,0,0
8513760,340,318,390,0,0
8514692,336,319,403,0,0
8515628,332,316,395,0,0
8516564,323,313,399,0,0
8517500,335,313,394,0,0
8518432,340,311,390,0,0
8519368,335,313,395,0,0
8520304,342,322,390,0,0
8521240,336,302,370,0,0
8522172,359,323,377,0,0
8523108,351,319,404,0,0
8524044,335,317,399,0,0
8524980,319,318,399,0,0
8525912,323,311,391,0,0
8526856,327,312,402,0,0
8527784,345,311,393,0,0
8528720,363,319,396,0,0
8529652,364,318,388,0,0
8530588,358,317,403,0,0
8531524,348,315,408,0,0
8532460,356,318,384,0,0
8533392,358,315,396,0,0
8534328,336,308,398,0,0
8535264,331,316,395,0,0
8536200,338,321,391,0,0
8537132,339,315,406,0,0
8538068,332,312,408,0,0
8539004,334,313,393,0,0
8539940,337,323,406,0,0
8540872,327,312,390,0,0
8541808,348,321,393,0,0
8542744,335,313,399,0,0
8543680,329,316,387,0,0
8544612,339,310,387,0,0
8545548,364,310,391,0,0
8546484,366,304,401,0,0
8547420,366,323,397,0,0
8548360,366,334,399,0,0
8549288,342,327,388,0,0
8550224,323,316,407,0,0
8551160,297,295,382,0,0
8552092,316,316,390,0,0
8553028,351,305,387,0,0
8553964,374,313,398,0,0
8554900,360,327,412,0,0
8555832,334,324,398,0,0
8556768,316,323,395,0,0
8557704,315,312,388,0,0
8558640,319,311,390,0,0
8559572,339,304,382,0,0
8560508,349,312,387,0,0
8561444,353,326,409,0,0
8562380,361,305,403,0,0
8563312,384,317,384,0,0
8564248,396,316,384,0,0
8565184,371,319,403,0,0
8566120,319,323,402,0,0
8567052,294,318,393,0,0
8567988,292,307,399,0,0
8568924,313,307,400,0,0
8569864,335,313,398,0,0
8570792,339,316,404,0,0
8571728,342,324,382,0,0
8572664,339,319,401,0,0
8573600,361,316,396,0,0
8574532,361,315,410,0,0
8575468,335,319,406,0,0
8576404,319,327,385,0,0
8577340,335,319,380,0,0
8578272,340,311,391,0,0
8579208,345,311,394,0,0
8580144,354,315,394,0,0
8581080,352,315,393,0,0
8582012,356,312,403,0,0
8582948,355,326,391,0,0
8583884,327,316,396,0,0
8584820,319,311,400,0,0
8585752,312,318,399,0,0
8586688,337,312,388,0,0
8587624,365,319,414,0,0
8588560,342,334,414,0,0
8589492,326,327,403,0,0
8590428,337,312,396,0,0
8591368,332,303,378,0,0
8592300,344,316,400,0,0
8593232,369,296,388,0,0
8594168,353,318,396,0,0
8595104,347,320,397,0,0
8596040,364,319,388,0,0
8596972,335,319,401,0,0
8597908,334,323,395,0,0
8598844,334,316,403,0,0
8599780,351,324,387,0,0
8600712,371,331,386,0,0
8601648,348,327,385,0,0
8602584,329,331,397,0,0
8603520,304,316,399,0,0
8604452,323,319,399,0,0
8605388,339,295,403,0,0
8606324,348,318,391,0,0
8607260,345,316,396,0,0
8608192,345,311,405,0,0
8609128,331,325,399,0,0
8610064,339,332,384,0,0
8611000,344,326,397,0,0
8611932,341,335,406,0,0
8612876,342,323,399,0,0
8613804,339,315,408,0,0
8614740,339,307,387,0,0
8615672,342,315,399,0,0
8616608,341,323,388,0,0
8617544,337,315,390,0,0
8618480,354,319,396,0,0
8619412,344,313,399,0,0
8620348,353,326,384,0,0
8621284,339,314,391,0,0
8622220,327,323,407,0,0
8623152,335,308,393,0,0
8624088,348,313,387,0,0
8625024,340,316,394,0,0
8625960,339,319,380,0,0
8626892,337,312,411,0,0
8627828,319,322,391,0,0
8628764,305,316,392,0,0
8629700,323,308,390,0,0
8630632,329,306,403,0,0
8631568,344,307,398,0,0
8632504,372,307,380,0,0
8633440,384,316,391,0,0
8634380,369,323,414,0,0
8635308,333,329,399,0,0
8636244,318,315,388,0,0
8637180,311,315,399,0,0
8638112,310,307,399,0,0
8639048,329,294,387,0,0
8639984,359,307,387,0,0
8640920,385,311,380,0,0
8641852,407,312,403,0,0
8642788,363,324,408,0,0
8643724,337,329,382,0,0
8644660,321,303,404,0,0
8645592,333,313,393,0,0
8646528,347,307,395,0,0
8647464,335,317,403,0,0
8648400,329,326,387,0,0
8649332,333,304,379,0,0
8650268,344,318,404,0,0
8651204,335,303,408,0,0
8652140,342,317,403,0,0
8653072,339,318,399,0,0
8654008,344,327,391,0,0
8654944,324,323,403,0,0
8655884,327,316,376,0,0
8656812,332,298,396,0,0
8657748,342,312,408,0,0
8658684,361,321,388,0,0
8659620,368,319,395,0,0
8660552,326,326,404,0,0
8661488,291,327,419,0,0
8662424,316,316,371,0,0
8663360,339,305,395,0,0
8664292,344,312,390,0,0
8665228,364,321,395,0,0
8666164,344,312,399,0,0
8667100,325,319,401,0,0
8668032,339,312,400,0,0
8668968,363,311,394,0,0
8669904,342,318,403,0,0
8670840,316,327,379,0,0
8671772,327,316,409,0,0
8672708,352,322,385,0,0
8673644,323,316,399,0,0
8674580,312,312,400,0,0
8675512,318,317,396,0,0
8676448,347,307,393,0,0
8677388,379,316,393,0,0
8678320,365,319,396,0,0
8679252,352,321,391,0,0
8680188,349,310,395,0,0
8681124,339,324,411,0,0
8682060,349,312,376,0,0
8682992,368,315,390,0,0
8683928,359,319,396,0,0
8684864,302,321,404,0,0
8685800,278,316,390,0,0
8686732,291,316,391,0,0
8687668,302,311,399,0,0
8688604,325,300,402,0,0
8689540,359,316,393,0,0
8690472,377,304,399,0,0
8691408,361,319,409,0,0
8692344,321,322,403,0,0
8693280,335,323,385,0,0
8694212,352,310,399,0,0
8695148,340,310,403,0,0
8696084,347,315,395,0,0
8697020,333,319,403,0,0
8697952,323,323,402,0,0
8698896,319,318,391,0,0
8699824,319,318,399,0,0
8700760,349,300,387,0,0
8701692,358,315,412,0,0
8702628,359,319,391,0,0
8703564,364,319,400,0,0
8704500,374,317,384,0,0
8705432,377,307,388,0,0
8706368,376,319,384,0,0
8707304,353,334,413,0,0
8708240,323,323,410,0,0
8709172,316,315,397,0,0
8710108,318,307,398,0,0
8711044,335,294,399,0,0
8711980,364,345,396,0,0
8712912,321,315,411,0,0
8713848,334,326,390,0,0
8714784,344,312,402,0,0
8715720,338,313,396,0,0
8716652,353,325,391,0,0
8717588,326,304,408,0,0
8718524,297,323,409,0,0
8719460,295,292,415,0,0
8720400,319,319,391,0,0
8721328,340,331,371,0,0
8722264,371,337,376,0,0
8723200,369,317,390,0,0
8724132,364,327,401,0,0
8725068,346,312,412,0,0
8726004,335,315,391,0,0
8726940,329,312,396,0,0
8727872,332,308,404,0,0
8728808,352,327,391,0,0
8729744,327,324,401,0,0
8730680,335,319,384,0,0
8731612,356,309,400,0,0
8732548,377,312,427,0,0
8733484,371,319,399,0,0
8734420,355,329,384,0,0
8735352,362,321,399,0,0
8736288,319,315,409,0,0
8737224,310,303,376,0,0
8738160,326,303,396,0,0
8739092,327,315,385,0,0
8740028,351,319,396,0,0
8740964,332,326,397,0,0
8741904,334,324,391,0,0
8742832,323,303,398,0,0
8743768,317,316,396,0,0
8744704,326,317,399,0,0
8745640,313,311,391,0,0
8746572,335,307,395,0,0
8747508,353,321,385,0,0
8748444,356,326,400,0,0
8749380,342,317,396,0,0
8750312,326,308,382,0,0
8751248,337,316,390,0,0
8752184,339,305,403,0,0
8753120,339,323,396,0,0
8754052,320,323,405,0,0
8754988,310,318,393,0,0
8755924,323,301,382,0,0
8756860,345,312,391,0,0
8757792,327,307,408,0,0
8758728,337,310,384,0,0
8759664,341,316,403,0,0
8760600,348,319,399,0,0
8761532,335,315,419,0,0
8762468,345,323,408,0,0
8763408,335,314,391,0,0
8764340,345,313,405,0,0
8765272,359,318,399,0,0
8766208,354,326,399,0,0
8767144,337,323,387,0,0
8768080,333,318,399,0,0
8769012,323,315,403,0,0
8769948,312,316,388,0,0
8770884,307,319,387,0,0
8771820,310,297,404,0,0
8772752,323,312,390,0,0
8773688,344,313,388,0,0
8774624,359,320,387,0,0
8775560,371,312,401,0,0
8776492,396,315,376,0,0
8777428,376,323,391,0,0
8778364,331,327,411,0,0
8779300,315,327,393,0,0
8780232,335,304,399,0,0
8781168,364,307,406,0,0
8782104,364,323,399,0,0
8783040,329,332,389,0,0
8783972,319,324,390,0,0
8784916,312,312,391,0,0
8785844,308,307,386,0,0
8786780,350,303,385,0,0
8787712,375,312,391,0,0
8788648,359,322,406,0,0
8789584,337,308,388,0,0
8790520,352,311,399,0,0
8791452,352,312,399,0,0
8792388,352,313,401,0,0
8793324,350,322,403,0,0
8794260,327,318,391,0,0
8795192,307,312,411,0,0
8796128,329,312,384,0,0
8797064,323,300,403,0,0
8798000,327,323,393,0,0
8798932,341,310,391,0,0
8799868,347,323,394,0,0
8800804,348,319,380,0,0
8801740,370,310,387,0,0
8802672,361,313,399,0,0
8803608,323,324,399,0,0
8804544,335,313,395,0,0
8805480,345,302,398,0,0
8806420,352,315,399,0,0
8807348,327,308,396,0,0
8808284,341,316,392,0,0
8809220,348,323,398,0,0
8810152,334,324,407,0,0
8811088,342,309,392,0,0
8812024,345,308,398,0,0
8812960,342,327,399,0,0
8813892,324,328,396,0,0
8814828,309,319,388,0,0
8815764,310,316,387,0,0
8816700,327,300,393,0,0
8817632,329,309,387,0,0
8818568,335,307,396,0,0
8819504,329,313,409,0,0
8820440,340,323,393,0,0
8821372,369,321,411,0,0
8822308,345,321,384,0,0
8823244,327,312,391,0,0
8824180,340,303,393,0,0
8825112,347,317,403,0,0
8826048,339,319,395,0,0
8826984,342,319,384,0,0
8827924,345,307,395,0,0
8828852,339,303,391,0,0
8829788,362,316,384,0,0
8830724,355,327,404,0,0
8831660,317,321,396,0,0
8832592,316,319,400,0,0
8833528,327,312,395,0,0
8834464,326,322,387,0,0
8835400,334,319,374,0,0
8836332,363,309,393,0,0
8837268,361,306,403,0,0
8838204,370,333,392,0,0
8839140,352,319,393,0,0
8840072,331,312,396,0,0
8841008,338,319,385,0,0
8841944,344,307,399,0,0
8842880,327,321,401,0,0
8843812,300,327,393,0,0
8844748,313,307,401,0,0
8845684,327,315,401,0,0
8846620,343,322,396,0,0
8847552,352,316,388,0,0
8848488,335,306,403,0,0
8849428,342,324,391,0,0
8850360,343,305,402,0,0
8851292,335,295,376,0,0
8852228,332,312,403,0,0
8853164,329,319,388,0,0
8854100,332,307,406,0,0
8855032,348,324,402,0,0
8855968,352,312,399,0,0
8856904,345,323,399,0,0
8857840,332,327,397,0,0
8858772,337,315,394,0,0
8859708,346,312,397,0,0
8860644,370,304,391,0,0
8861580,391,333,391,0,0
8862512,353,313,398,0,0
8863448,321,327,396,0,0
8864384,295,314,398,0,0
8865320,310,310,402,0,0
8866252,332,312,404,0,0
8867188,359,316,382,0,0
8868124,376,327,398,0,0
8869060,368,319,408,0,0
8869992,329,323,409,0,0
8870932,308,322,401,0,0
8871864,340,319,361,0,0
8872800,355,310,403,0,0
8873732,363,307,399,0,0
8874668,350,316,405,0,0
8875604,335,323,401,0,0
8876540,315,317,391,0,0
8877472,303,319,394,0,0
8878408,304,308,398,0,0
8879344,326,310,391,0,0
8880280,353,318,387,0,0
8881212,352,324,391,0,0
8882148,328,323,408,0,0
8883084,312,319,396,0,0
8884020,319,307,391,0,0
8884952,321,305,408,0,0
8885888,327,310,401,0,0
8886824,334,310,397,0,0
8887760,369,323,388,0,0
8888692,367,313,408,0,0
8889628,359,312,393,0,0
8890564,371,314,380,0,0
8891500,371,332,399,0,0
8892436,354,326,404,0,0
8893368,340,316,401,0,0
8894304,304,318,399,0,0
8895240,288,312,403,0,0
8896172,313,312,395,0,0
8897108,347,318,404,0,0
8898044,358,321,387,0,0
8898980,348,316,396,0,0
8899912,344,307,397,0,0
8900848,335,306,408,0,0
8901784,340,327,399,0,0
8902720,323,319,399,0,0
8903652,331,313,387,0,0
8904588,339,316,399,0,0
8905524,338,312,395,0,0
8906460,343,316,398,0,0
8907392,344,309,380,0,0
8908328,356,307,402,0,0
8909264,360,318,399,0,0
8910200,368,326,391,0,0
8911132,339,323,404,0,0
8912068,319,319,395,0,0
8913004,323,313,396,0,0
8913940,332,319,409,0,0
8914872,331,313,407,0,0
8915808,325,318,403,0,0
8916744,327,315,384,0,0
8917680,339,311,401,0,0
8918612,356,306,394,0,0
8919548,344,325,401,0,0
8920484,332,325,386,0,0
8921420,327,312,409,0,0
8922352,349,312,376,0,0
8923288,327,313,399,0,0
8924224,323,313,400,0,0
8925160,342,321,391,0,0
8926092,352,314,391,0,0
8927028,350,304,399,0,0
8927964,339,318,399,0,0
8928900,323,313,403,0,0
8929832,325,319,396,0,0
8930768,339,321,403,0,0
8931704,338,310,385,0,0
8932640,342,305,387,0,0
8933572,345,310,398,0,0
8934508,344,321,388,0,0
8935444,335,314,395,0,0
8936380,321,318,403,0,0
8937312,331,315,399,0,0
8938248,337,316,403,0,0
8939184,335,315,408,0,0
8940120,349,318,396,0,0
8941052,340,310,396,0,0
8941988,340,315,408,0,0
8942924,321,316,396,0,0
8943860,329,318,394,0,0
8944792,339,312,401,0,0
8945728,348,307,396,0,0
8946664,339,316,403,0,0
8947600,344,307,391,0,0
8948532,350,320,401,0,0
8949468,355,319,407,0,0
8950404,354,310,388,0,0
8951340,339,316,409,0,0
8952272,344,312,399,0,0
8953208,353,308,387,0,0
8954144,355,316,389,0,0
8955080,349,319,401,0,0
8956012,355,319,396,0,0
8956948,347,316,397,0,0
8957884,333,323,387,0,0
8958820,313,319,391,0,0
8959752,316,304,391,0,0
8960688,330,304,398,0,0
8961624,343,315,380,0,0
8962560,319,303,396,0,0
8963492,337,312,385,0,0
8964428,365,316,403,0,0
8965364,365,312,396,0,0
8966300,336,319,399,0,0
8967232,334,327,392,0,0
8968168,342,316,404,0,0
8969104,332,319,399,0,0
8970040,323,316,399,0,0
8970972,317,307,384,0,0
8971908,315,299,387,0,0
8972844,332,307,396,0,0
8973780,347,315,393,0,0
8974712,361,312,391,0,0
8975648,359,319,399,0,0
8976584,335,319,396,0,0
8977520,332,328,395,0,0
8978452,318,319,403,0,0
8979388,310,326,391,0,0
8980324,313,302,393,0,0
8981260,321,310,403,0,0
8982192,335,323,415,0,0
8983128,330,307,387,0,0
8984064,352,312,395,0,0
8985000,365,316,398,0,0
8985932,359,313,399,0,0
8986868,363,323,405,0,0
8987804,363,321,399,0,0
8988740,358,319,409,0,0
8989672,353,323,391,0,0
8990608,339,319,388,0,0
8991544,335,321,387,0,0
8992480,326,312,406,0,0
8993412,326,316,401,0,0
8994348,327,312,391,0,0
8995284,350,308,400,0,0
8996220,352,312,403,0,0
8997152,344,316,400,0,0
8998088,345,316,393,0,0
8999024,353,312,400,0,0
8999960,344,310,382,0,0
9000892,341,329,413,0,0
9001828,327,323,404,0,0
9002764,324,313,387,0,0
9003700,337,312,391,0,0
9004632,342,310,381,0,0
9005568,339,307,391,0,0
9006504,344,313,391,0,0
9007440,368,318,396,0,0
9008372,361,316,408,0,0
9009308,349,312,389,0,0
9010244,350,310,391,0,0
9011180,348,322,382,0,0
9012112,335,327,391,0,0
9013048,324,310,399,0,0
9013984,320,308,391,0,0
9014920,326,316,399,0,0
9015852,346,315,396,0,0
9016788,335,322,394,0,0
9017724,338,321,393,0,0
9018660,337,312,408,0,0
9019592,337,323,395,0,0
9020528,327,309,391,0,0
9021464,295,295,399,0,0
9022400,317,320,389,0,0
9023332,327,307,387,0,0
9024268,333,312,401,0,0
9025204,351,319,387,0,0
9026140,352,316,393,0,0
9027072,342,318,391,0,0
9028008,349,319,391,0,0
9028944,353,319,395,0,0
9029880,346,307,393,0,0
9030812,345,313,387,0,0
9031748,345,318,392,0,0
9032684,323,317,396,0,0
9033620,304,313,401,0,0
9034552,307,307,396,0,0
9035488,318,312,395,0,0
9036424,337,321,395,0,0
9037360,349,324,393,0,0
9038292,351,312,395,0,0
9039228,358,318,396,0,0
9040164,352,319,399,0,0
9041100,335,317,407,0,0
9042032,323,310,403,0,0
9042968,334,307,393,0,0
9043904,337,314,406,0,0
9044840,345,318,380,0,0
9045772,342,323,399,0,0
9047644,345,312,398,0,0
9048580,331,319,403,0,0
9049512,316,319,393,0,0
9050448,310,307,374,0,0
9051384,321,306,397,0,0
9052320,312,318,410,0,0
9053252,334,310,385,0,0
9054188,339,312,403,0,0
9055124,331,311,396,0,0
9056060,327,321,393,0,0
9056992,332,316,401,0,0
9057928,335,312,399,0,0
9058864,332,311,391,0,0
9059800,340,319,396,0,0
9060732,345,310,380,0,0
9061668,335,308,419,0,0
9062604,350,316,393,0,0
9063540,340,310,395,0,0
9064472,338,318,393,0,0
9065408,337,319,391,0,0
9066344,334,311,391,0,0
9067280,331,315,402,0,0
9068212,332,321,399,0,0
9069148,335,319,400,0,0
9070084,335,311,391,0,0
9071020,335,323,380,0,0
9071952,327,305,384,0,0
9072888,342,316,391,0,0
9073824,339,316,391,0,0
9074760,335,318,391,0,0
9075692,337,312,393,0,0
9076628,343,312,393,0,0
9077564,344,316,403,0,0
9078500,352,317,398,0,0
9079432,352,319,402,0,0
9080368,361,322,398,0,0
9081304,359,313,385,0,0
9082240,353,316,399,0,0
9083172,342,312,402,0,0
9084108,336,319,387,0,0
9085044,337,319,391,0,0
9085980,335,312,392,0,0
9086912,323,312,391,0,0
9087848,327,319,401,0,0
9088784,326,315,390,0,0
9089720,327,311,415,0,0
9090652,327,314,393,0,0
9091588,338,308,389,0,0
9092524,335,319,390,0,0
9093460,344,315,391,0,0
9094392,348,321,390,0,0
9095328,344,319,396,0,0
9096264,343,316,398,0,0
9097200,343,310,384,0,0
9098132,344,311,389,0,0
9099068,344,308,391,0,0
9100004,345,312,380,0,0
9100940,344,308,395,0,0
9101872,355,321,391,0,0
9102808,352,317,399,0,0
9103744,344,316,406,0,0
9104680,352,313,391,0,0
9105612,364,316,394,0,0
9106548,358,317,401,0,0
9107484,335,329,393,0,0
9108420,316,319,385,0,0
9109352,315,317,391,0,0
9110288,311,308,398,0,0
9111224,319,305,388,0,0
9113092,340,313,399,0,0
9114028,339,315,391,0,0
9114964,352,315,398,0,0
9115900,364,318,391,0,0
9116832,368,315,387,0,0
9117768,361,316,403,0,0
9118704,371,317,393,0,0
9119640,371,321,396,0,0
9120572,346,329,411,0,0
9121508,313,321,399,0,0
9122444,307,312,386,0,0
9123380,316,312,400,0,0
9124312,326,312,393,0,0
9125248,335,312,398,0,0
9126184,353,317,393,0,0
9127120,361,316,398,0,0
9128052,363,316,393,0,0
9128988,355,319,395,0,0
9129924,348,323,387,0,0
9130860,335,319,412,0,0
9131792,327,323,391,0,0
9132728,327,312,391,0,0
9133664,319,318,403,0,0
9134600,319,315,398,0,0
9135532,316,313,401,0,0
9136468,316,317,399,0,0
9137404,329,311,396,0,0
9138340,335,310,390,0,0
9139272,360,322,399,0,0
9140208,368,313,390,0,0
9141144,366,314,401,0,0
9142080,376,321,396,0,0
9143012,390,321,387,0,0
9143948,368,323,403,0,0
9144884,344,330,399,0,0
9145820,335,322,387,0,0
9146752,321,312,396,0,0
9147688,316,306,398,0,0
9148624,327,310,399,0,0
9149560,332,318,399,0,0
9150492,347,334,393,0,0
9151428,339,323,412,0,0
9152364,327,320,387,0,0
9153300,327,314,397,0,0
9154232,334,313,396,0,0
9155168,331,317,399,0,0
9156104,331,307,389,0,0
9157040,337,311,384,0,0
9157972,348,318,399,0,0
9158908,350,323,396,0,0
9159844,349,312,387,0,0
9160780,348,312,390,0,0
9161712,329,316,423,0,0
9162648,344,312,394,0,0
9163584,353,316,399,0,0
9164520,367,312,395,0,0
9165452,364,316,393,0,0
9166388,369,325,403,0,0
9167324,331,318,388,0,0
9168260,313,324,391,0,0
9169192,318,312,398,0,0
9170128,327,322,382,0,0
9171064,331,315,399,0,0
9172000,334,316,403,0,0
9172932,335,319,399,0,0
9173868,349,316,390,0,0
9174804,337,319,406,0,0
9175740,332,319,382,0,0
9176672,334,304,396,0,0
9178544,359,321,396,0,0
9179480,364,318,400,0,0
9180412,350,319,399,0,0
9181348,327,318,399,0,0
9182284,317,308,403,0,0
9183220,326,316,399,0,0
9184152,335,306,391,0,0
9185088,349,314,396,0,0
9186024,354,311,394,0,0
9186960,366,316,391,0,0
9187892,353,323,399,0,0
9188828,344,324,408,0,0
9189764,325,313,391,0,0
9190700,312,319,387,0,0
9191632,320,309,389,0,0
9192568,318,313,399,0,0
9193504,332,312,396,0,0
9194440,340,316,399,0,0
9195372,346,307,399,0,0
9196308,339,316,404,0,0
9197244,344,326,391,0,0
9198180,345,323,390,0,0
9199112,344,321,396,0,0
9200048,335,313,385,0,0
9200984,353,326,406,0,0
9201920,339,318,398,0,0
9202852,339,312,403,0,0
9203788,345,319,387,0,0
9204724,356,318,396,0,0
9205660,344,312,384,0,0
9206592,331,319,385,0,0
9207528,335,319,404,0,0
9208464,321,307,384,0,0
9209400,326,311,407,0,0
9210332,329,319,398,0,0
9211268,319,308,415,0,0
9212204,332,310,382,0,0
9213140,334,324,391,0,0
9214072,329,313,396,0,0
9215008,329,315,398,0,0
9215944,332,315,391,0,0
9216880,324,311,387,0,0
9217812,336,319,403,0,0
9218748,348,316,401,0,0
9219684,344,313,404,0,0
9220620,342,312,367,0,0
9221552,348,326,407,0,0
9222488,342,313,392,0,0
9223424,344,307,384,0,0
9224360,349,313,395,0,0
9225292,344,317,391,0,0
9226228,344,321,392,0,0
9227164,339,316,396,0,0
9228100,344,316,391,0,0
9229032,340,316,398,0,0
9229968,331,324,387,0,0
9230904,316,304,376,0,0
9231840,334,312,403,0,0
9232772,350,316,392,0,0
9233708,350,313,403,0,0
9234644,344,319,393,0,0
9235580,355,323,385,0,0
9236512,356,319,401,0,0
9237448,350,319,407,0,0
9238384,355,327,403,0,0
9239320,333,316,396,0,0
9240252,319,316,399,0,0
9241188,311,313,391,0,0
9242124,329,318,409,0,0
9243060,342,309,397,0,0
9243992,360,310,391,0,0
9244928,361,312,398,0,0
9245864,348,316,396,0,0
9246800,344,318,395,0,0
9247732,365,313,388,0,0
9248668,370,316,408,0,0
9249604,355,319,407,0,0
9250540,360,327,391,0,0
9251472,335,315,388,0,0
9252408,352,307,387,0,0
9253344,368,307,396,0,0
9254280,371,319,404,0,0
9255212,355,328,387,0,0
9256148,349,327,388,0,0
9257084,358,323,391,0,0
9258020,348,321,407,0,0
9258952,344,314,399,0,0
9259888,350,303,391,0,0
9260824,344,313,407,0,0
9261760,350,310,395,0,0
9262692,326,312,393,0,0
9263628,324,308,388,0,0
9264564,335,315,408,0,0
9265500,364,319,376,0,0
9266432,364,307,395,0,0
9267368,307,323,399,0,0
9268304,287,313,389,0,0
9269240,273,294,391,0,0
9270172,291,324,401,0,0
9271108,316,305,421,0,0
9272044,345,307,384,0,0
9272980,348,321,384,0,0
9273912,347,310,400,0,0
9274848,353,311,393,0,0
9275784,359,317,399,0,0
9276720,359,306,408,0,0
9277652,379,310,388,0,0
9278588,409,331,403,0,0
9279524,361,323,408,0,0
9280460,310,327,401,0,0
9281392,312,327,395,0,0
9282328,305,312,397,0,0
9283264,321,315,401,0,0
9284200,327,304,400,0,0
9285132,337,315,390,0,0
9286068,347,315,387,0,0
9287004,329,311,408,0,0
9287940,301,309,385,0,0
9288872,312,311,387,0,0
9289808,349,300,401,0,0
9290744,367,313,395,0,0
9291680,359,319,409,0,0
9292612,348,324,393,0,0
9293548,344,321,396,0,0
9294484,327,319,407,0,0
9295420,327,318,398,0,0
9296352,321,311,385,0,0
9297288,335,312,399,0,0
9298224,353,313,388,0,0
9299160,343,315,391,0,0
9300092,370,319,395,0,0
9301028,367,301,391,0,0
9301964,358,319,384,0,0
9302900,344,307,403,0,0
9303832,319,321,393,0,0
9304768,304,316,388,0,0
9305704,300,312,390,0,0
9306640,317,312,387,0,0
9307572,334,312,408,0,0
9308508,334,315,396,0,0
9309444,331,318,393,0,0
9310380,335,308,399,0,0
9311312,341,310,391,0,0
9312248,351,324,396,0,0
9313184,344,319,393,0,0
9314120,335,307,396,0,0
9315052,345,318,403,0,0
9315988,355,316,399,0,0
9316924,342,318,395,0,0
9317860,323,318,387,0,0
9318792,326,315,390,0,0
9319728,327,308,403,0,0
9320664,322,315,394,0,0
9321600,321,318,411,0,0
9322532,333,313,390,0,0
9323468,335,310,400,0,0
9324404,340,315,400,0,0
9325340,344,316,391,0,0
9326272,357,313,392,0,0
9327208,359,312,402,0,0
9328144,374,316,393,0,0
9329080,380,324,391,0,0
9330012,372,311,391,0,0
9330948,348,326,403,0,0
9331884,316,319,399,0,0
9332820,310,307,396,0,0
9333752,319,313,399,0,0
9334688,325,310,391,0,0
9335624,333,307,391,0,0
9336560,327,316,391,0,0
9337492,335,312,385,0,0
9338428,335,316,406,0,0
9339364,339,321,391,0,0
9340300,327,312,391,0,0
9341232,327,311,388,0,0
9342168,325,311,399,0,0
9343104,335,316,398,0,0
9344040,336,306,406,0,0
9344972,339,312,404,0,0
9345908,353,311,398,0,0
9346844,352,311,391,0,0
9347780,363,312,395,0,0
9348712,374,312,393,0,0
9349648,368,317,397,0,0
9350584,366,324,374,0,0
9351520,350,316,399,0,0
9352452,323,318,408,0,0
9353388,316,311,391,0,0
9354324,319,305,398,0,0
9355256,330,308,393,0,0
9356192,326,316,408,0,0
9357128,321,313,388,0,0
9358064,327,312,403,0,0
9359000,326,313,397,0,0
9359932,331,319,393,0,0
9360868,348,315,400,0,0
9361804,347,316,403,0,0
9362740,350,319,385,0,0
9363672,358,316,401,0,0
9364608,344,311,400,0,0
9365544,327,319,399,0,0
9366480,327,312,400,0,0
9367412,336,313,388,0,0
9368348,349,310,397,0,0
9369284,347,313,403,0,0
9370220,348,319,391,0,0
9371152,354,326,387,0,0
9372088,343,308,384,0,0
9373024,348,310,402,0,0
9373960,336,312,390,0,0
9374892,327,322,397,0,0
9375828,332,316,395,0,0
9376764,329,311,390,0,0
9377700,316,316,404,0,0
9378632,319,312,391,0,0
9379568,323,312,393,0,0
9380504,316,304,391,0,0
9381440,327,316,391,0,0
9382372,334,305,395,0,0
9383308,337,312,388,0,0
9384244,342,316,399,0,0
9385180,347,315,387,0,0
9386112,350,312,399,0,0
9387048,363,319,387,0,0
9387984,358,315,403,0,0
9388920,353,322,404,0,0
9389852,354,323,391,0,0
9390788,355,325,399,0,0
9391724,353,319,404,0,0
9392660,347,323,401,0,0
9393592,335,318,398,0,0
9394528,313,317,396,0,0
9395464,315,319,387,0,0
9396400,319,310,391,0,0
9397332,327,311,401,0,0
9398268,344,319,396,0,0
9399204,347,313,399,0,0
9400140,344,318,423,0,0
9401072,339,316,384,0,0
9402008,345,323,390,0,0
9402944,355,312,391,0,0
9403880,359,316,385,0,0
9404812,344,312,396,0,0
9405748,332,308,396,0,0
9406684,327,316,401,0,0
9407620,324,319,403,0,0
9408552,315,315,391,0,0
9409488,318,319,398,0,0
9410424,325,312,391,0,0
9411360,335,311,392,0,0
9412292,332,307,390,0,0
9413228,347,316,397,0,0
9414164,343,311,399,0,0
9415100,352,312,396,0,0
9416032,359,316,403,0,0
9416968,363,315,393,0,0
9417904,365,319,400,0,0
9418840,363,312,388,0,0
9419772,358,311,403,0,0
9420708,348,321,408,0,0
9421644,364,315,359,0,0
9422580,366,316,388,0,0
9423512,358,313,391,0,0
9424448,348,318,408,0,0
9425384,343,318,392,0,0
9426320,333,322,395,0,0
9427252,319,308,397,0,0
9428188,304,315,402,0,0
9429124,323,317,391,0,0
9430060,332,312,408,0,0
9430992,322,321,387,0,0
9431928,341,324,388,0,0
9432864,327,312,399,0,0
9433800,339,319,396,0,0
9434732,343,317,388,0,0
9435668,340,315,393,0,0
9436604,323,319,398,0,0
9437540,308,307,388,0,0
9438472,324,313,399,0,0
9439408,327,302,389,0,0
9440344,359,319,404,0,0
9441280,353,319,387,0,0
9442212,350,331,383,0,0
9443148,358,318,382,0,0
9444084,365,317,395,0,0
9445020,391,316,399,0,0
9445952,385,305,391,0,0
9446888,372,319,391,0,0
9447824,345,327,396,0,0
9448760,303,316,393,0,0
9449692,297,316,376,0,0
9450628,302,319,423,0,0
9451564,304,295,403,0,0
9452500,327,312,397,0,0
9453432,339,312,396,0,0
9454368,335,315,403,0,0
9455304,342,319,395,0,0
9456240,341,318,409,0,0
9457172,347,314,399,0,0
9458108,353,316,391,0,0
9459044,339,315,395,0,0
9459980,339,316,401,0,0
9460912,344,319,409,0,0
9461848,344,323,406,0,0
9462788,356,318,396,0,0
9463720,366,317,390,0,0
9464652,359,311,391,0,0
9465588,347,321,396,0,0
9466524,345,318,399,0,0
9467460,343,321,399,0,0
9468392,331,312,398,0,0
9469328,316,310,399,0,0
9470264,319,327,415,0,0
9471200,322,312,390,0,0
9472132,342,307,382,0,0
9473068,341,318,401,0,0
9474004,322,317,404,0,0
9474940,321,323,396,0,0
9475872,342,313,397,0,0
9476808,359,304,399,0,0
9477744,364,319,408,0,0
9478680,361,318,402,0,0
9479612,347,319,408,0,0
9480548,340,323,390,0,0
9481484,334,332,391,0,0
9482420,319,320,388,0,0
9483352,309,316,409,0,0
9484296,315,316,388,0,0
9485224,332,309,385,0,0
9486160,357,305,399,0,0
9487092,358,318,393,0,0
9488028,350,327,400,0,0
9488964,354,319,394,0,0
9489900,353,317,403,0,0
9490832,347,302,403,0,0
9491768,347,313,397,0,0
9492704,327,313,396,0,0
9493640,304,320,401,0,0
9494572,291,312,391,0,0
9495508,310,311,391,0,0
9496444,327,312,399,0,0
9497380,353,309,387,0,0
9498312,355,318,406,0,0
9499248,365,324,403,0,0
9500184,363,318,385,0,0
9501120,348,312,405,0,0
9502052,355,310,398,0,0
9502988,370,323,391,0,0
9503924,355,316,406,0,0
9504860,332,324,395,0,0
9505800,332,317,403,0,0
9506728,327,312,401,0,0
9507664,335,310,401,0,0
9508600,334,319,403,0,0
9509532,331,316,401,0,0
9510468,329,310,406,0,0
9511404,324,307,384,0,0
9512340,339,315,403,0,0
9513272,334,320,393,0,0
9514208,337,316,403,0,0
9515144,327,319,396,0,0
9516080,323,321,391,0,0
9517012,327,312,399,0,0
9517948,324,310,392,0,0
9518884,339,316,391,0,0
9519820,352,319,385,0,0
9520752,353,312,377,0,0
9521688,347,315,388,0,0
9522624,327,315,391,0,0
9523560,327,318,402,0,0
9524492,327,307,387,0,0
9525428,339,312,396,0,0
9526364,361,310,395,0,0
9527304,350,308,395,0,0
9528232,353,324,395,0,0
9529168,364,318,378,0,0
9530104,364,312,393,0,0
9531040,339,327,415,0,0
9531972,323,310,391,0,0
9532908,326,313,401,0,0
9533844,317,308,387,0,0
9534780,312,323,394,0,0
9535712,312,316,399,0,0
9536648,312,318,396,0,0
9537584,321,312,391,0,0
9538520,327,310,384,0,0
9539452,339,315,398,0,0
9540388,348,316,408,0,0
9541324,363,323,388,0,0
9542260,382,317,403,0,0
9543192,384,323,393,0,0
9544128,374,319,388,0,0
9545064,344,319,394,0,0
9546000,327,329,391,0,0
9546932,307,315,393,0,0
9547868,312,316,398,0,0
9548808,340,313,387,0,0
9549740,337,307,396,0,0
9550672,344,313,393,0,0
9551608,338,327,387,0,0
9552544,332,316,401,0,0
9553480,350,313,390,0,0
9554412,367,308,391,0,0
9555348,355,307,387,0,0
9556284,348,332,390,0,0
9557220,348,318,391,0,0
9558152,339,316,403,0,0
9559088,319,315,387,0,0
9560024,332,312,398,0,0
9560960,326,305,405,0,0
9561892,339,326,375,0,0
9562828,356,312,388,0,0
9563764,361,318,411,0,0
9564700,359,319,404,0,0
9565632,359,319,403,0,0
9566568,358,313,398,0,0
9567504,335,319,399,0,0
9568440,326,316,385,0,0
9569372,338,313,385,0,0
9570316,345,310,395,0,0
9571244,334,310,388,0,0
9572180,347,310,395,0,0
9573112,360,316,404,0,0
9574048,339,331,398,0,0
9574984,327,325,384,0,0
9575920,330,309,391,0,0
9576852,332,312,407,0,0
9577788,321,308,391,0,0
9578724,300,312,391,0,0
9579660,312,312,393,0,0
9580592,316,302,380,0,0
9581528,335,319,408,0,0
9582464,353,319,403,0,0
9583400,353,317,403,0,0
9584332,344,321,396,0,0
9585268,344,319,403,0,0
9586204,342,312,388,0,0
9587140,340,317,397,0,0
9588072,324,308,393,0,0
9589008,323,307,406,0,0
9589944,361,321,384,0,0
9590880,369,307,395,0,0
9591820,357,334,399,0,0
9592748,354,319,387,0,0
9593684,345,310,403,0,0
9594620,331,319,407,0,0
9595552,326,314,380,0,0
9596488,313,306,390,0,0
9597424,326,316,398,0,0
9598360,335,323,390,0,0
9599292,336,319,404,0,0
9600228,335,313,364,0,0
9601164,347,304,399,0,0
9602100,363,313,391,0,0
9603032,361,319,398,0,0
9603968,343,319,396,0,0
9604904,344,326,409,0,0
9605840,316,316,401,0,0
9606772,319,313,384,0,0
9607708,364,312,382,0,0
9608644,356,315,398,0,0
9609580,339,326,398,0,0
9610512,332,319,384,0,0
9611448,343,313,389,0,0
9612384,343,312,401,0,0
9613324,339,319,395,0,0
9614252,371,305,396,0,0
9615188,352,318,400,0,0
9616124,331,329,401,0,0
9617060,319,308,399,0,0
9617992,327,317,403,0,0
9618928,342,316,397,0,0
9619864,334,304,394,0,0
9620800,335,317,403,0,0
9621732,344,327,380,0,0
9622668,312,323,398,0,0
9623604,323,316,396,0,0
9624540,337,307,391,0,0
9625472,335,318,404,0,0
9626408,344,319,399,0,0
9627344,332,323,402,0,0
9628280,321,319,396,0,0
9629212,343,316,399,0,0
9630148,365,306,401,0,0
9631084,352,318,391,0,0
9632020,348,319,384,0,0
9632952,322,310,395,0,0
9633888,318,316,403,0,0
9634828,343,316,391,0,0
9635760,368,312,388,0,0
9636692,359,319,408,0,0
9637628,348,323,391,0,0
9638564,342,324,401,0,0
9639500,344,327,406,0,0
9640432,345,313,379,0,0
9641368,327,310,395,0,0
9642304,325,315,391,0,0
9643240,330,315,385,0,0
9644172,348,315,393,0,0
9645108,349,312,401,0,0
9646044,356,319,398,0,0
9646980,352,311,414,0,0
9647912,359,315,391,0,0
9648848,344,321,389,0,0
9649784,312,307,391,0,0
9650720,304,319,384,0,0
9651652,306,304,408,0,0
9652588,355,312,399,0,0
9653524,374,315,406,0,0
9654460,379,326,394,0,0
9655392,371,327,396,0,0
9656336,355,319,401,0,0
9657264,323,312,391,0,0
9658200,323,313,393,0,0
9659132,321,313,385,0,0
9660068,335,316,411,0,0
9661004,361,319,387,0,0
9661940,376,316,391,0,0
9662872,344,319,400,0,0
9663808,305,316,408,0,0
9664744,318,323,380,0,0
9665680,337,319,383,0,0
9666612,344,304,390,0,0
9667548,340,308,401,0,0
9668484,335,316,396,0,0
9669420,371,316,379,0,0
9670352,374,319,387,0,0
9671288,352,313,393,0,0
9672224,324,319,393,0,0
9673160,308,307,399,0,0
9674092,334,307,391,0,0
9675028,352,315,398,0,0
9675964,339,319,399,0,0
9676900,358,321,385,0,0
9677840,374,310,395,0,0
9678768,383,309,400,0,0
9679704,382,318,416,0,0
9680640,352,322,402,0,0
9681572,316,335,398,0,0
9682508,289,315,396,0,0
9683444,305,295,384,0,0
9684380,355,312,398,0,0
9685312,349,323,396,0,0
9686248,329,319,385,0,0
9687184,307,307,396,0,0
9688120,312,318,396,0,0
9689052,344,312,390,0,0
9689988,347,318,380,0,0
9690924,335,318,387,0,0
9691860,350,315,403,0,0
9692792,332,318,393,0,0
9693728,321,319,396,0,0
9694664,329,310,396,0,0
9695600,352,312,394,0,0
9696532,347,312,389,0,0
9697468,335,321,384,0,0
9698404,341,311,381,0,0
9699344,331,315,399,0,0
9700272,325,307,407,0,0
9701208,335,313,387,0,0
9702144,335,326,399,0,0
9703080,343,315,398,0,0
9704012,335,299,396,0,0
9704948,319,324,390,0,0
9705884,326,315,383,0,0
9706820,323,303,391,0,0
9707752,333,322,391,0,0
9708688,343,304,392,0,0
9709624,358,316,399,0,0
9710560,332,322,399,0,0
9711492,348,327,399,0,0
9712428,377,316,396,0,0
9713364,371,310,398,0,0
9714300,340,327,401,0,0
9715232,318,318,391,0,0
9716168,331,311,392,0,0
9717104,333,311,391,0,0
9718040,335,300,384,0,0
9718972,337,307,393,0,0
9719908,319,327,399,0,0
9720848,313,317,419,0,0
9721776,319,305,399,0,0
9722712,323,312,384,0,0
9723648,321,315,402,0,0
9724584,334,316,399,0,0
9725520,353,302,395,0,0
9726452,368,311,393,0,0
9727388,366,323,391,0,0
9728324,361,312,398,0,0
9729260,373,321,394,0,0
9730192,344,314,408,0,0
9731128,329,320,388,0,0
9732064,340,311,395,0,0
9732996,353,323,401,0,0
9733932,339,314,406,0,0
9734868,305,319,391,0,0
9735804,310,310,399,0,0
9736740,327,315,391,0,0
9737672,339,307,387,0,0
9738608,371,319,382,0,0
9739544,384,314,376,0,0
9740480,352,327,409,0,0
9741412,305,315,397,0,0
9742356,312,311,395,0,0
9743284,331,305,398,0,0
9744220,342,312,399,0,0
9745152,366,313,385,0,0
9746088,371,323,388,0,0
9747024,359,316,396,0,0
9747960,345,327,393,0,0
9748892,329,315,399,0,0
9749828,319,312,422,0,0
9750764,332,318,396,0,0
9751700,344,307,376,0,0
9752632,350,317,391,0,0
9753568,344,312,395,0,0
9754504,331,319,396,0,0
9755440,334,316,400,0,0
9756372,343,312,390,0,0
9757308,353,318,399,0,0
9758244,330,312,397,0,0
9759180,312,312,396,0,0
9760112,312,315,385,0,0
9761048,327,319,379,0,0
9761984,329,316,396,0,0
9762920,326,304,395,0,0
9763860,335,317,383,0,0
9764788,336,316,407,0,0
9765724,333,319,395,0,0
9766660,332,307,396,0,0
9768528,336,310,403,0,0
9769464,347,324,399,0,0
9770400,368,312,391,0,0
9771332,365,316,391,0,0
9772268,349,319,390,0,0
9773204,355,316,388,0,0
9774140,348,310,404,0,0
9775072,352,319,376,0,0
9776008,348,313,396,0,0
9776944,332,319,393,0,0
9777880,339,311,393,0,0
9778812,366,309,388,0,0
9779748,335,324,404,0,0
9780684,326,318,395,0,0
9781620,324,312,391,0,0
9782552,313,312,395,0,0
9783488,323,319,387,0,0
9784424,344,312,390,0,0
9785364,348,310,402,0,0
9786292,344,319,384,0,0
9787228,335,324,399,0,0
9788164,334,306,385,0,0
9789100,359,321,398,0,0
9790032,335,317,399,0,0
9790968,323,319,391,0,0
9791904,358,312,387,0,0
9792840,360,310,411,0,0
9793772,339,326,396,0,0
9794708,332,308,393,0,0
9795644,324,316,388,0,0
9796576,334,326,394,0,0
9797512,332,311,391,0,0
9798448,322,313,402,0,0
9799384,333,313,391,0,0
9800320,341,319,406,0,0
9801252,356,316,384,0,0
9802188,362,321,391,0,0
9803124,352,318,399,0,0
9804060,327,310,392,0,0
9804992,332,319,405,0,0
9805928,329,308,387,0,0
9806868,329,313,400,0,0
9807800,333,311,400,0,0
9808732,352,319,398,0,0
9809668,351,313,400,0,0
9810604,339,318,396,0,0
9811540,323,331,419,0,0
9812472,313,313,382,0,0
9813408,307,305,399,0,0
9814344,322,310,399,0,0
9815280,358,312,391,0,0
9816212,352,318,407,0,0
9817148,329,322,387,0,0
9818084,336,315,391,0,0
9819020,345,315,391,0,0
9819952,339,319,399,0,0
9820888,334,308,369,0,0
9821824,352,327,403,0,0
9822760,348,316,387,0,0
9823692,344,312,390,0,0
9824628,355,326,383,0,0
9825564,359,307,399,0,0
9826500,352,323,395,0,0
9827432,324,319,399,0,0
9828372,327,321,401,0,0
9829304,329,308,399,0,0
9830240,322,318,391,0,0
9831172,318,316,404,0,0
9832108,327,306,399,0,0
9833980,335,314,397,0,0
9834912,359,318,387,0,0
9835848,359,315,398,0,0
9836784,353,327,393,0,0
9837720,329,316,391,0,0
9838652,331,312,382,0,0
9839588,344,307,403,0,0
9840524,345,304,393,0,0
9841460,345,318,393,0,0
9842392,344,312,395,0,0
9843328,359,319,393,0,0
9844264,366,313,396,0,0
9845200,359,322,395,0,0
9846132,353,316,391,0,0
9847068,336,316,403,0,0
9848004,323,317,393,0,0
9848940,327,326,408,0,0
9849876,315,319,414,0,0
9850808,312,304,418,0,0
9851744,335,313,406,0,0
9852680,350,304,396,0,0
9853612,355,324,384,0,0
9854548,353,315,398,0,0
9855484,334,312,391,0,0
9856420,348,323,403,0,0
9857352,344,312,393,0,0
9858288,333,313,388,0,0
9859224,329,318,396,0,0
9860160,319,307,396,0,0
9861092,322,307,394,0,0
9862028,340,313,391,0,0
9862964,366,316,401,0,0
9863900,364,308,401,0,0
9864832,355,319,396,0,0
9865768,339,316,397,0,0
9866704,336,310,391,0,0
9867640,337,315,399,0,0
9868572,324,315,404,0,0
9869508,322,319,376,0,0
9870444,333,312,396,0,0
9871380,344,305,391,0,0
9872312,350,323,399,0,0
9873248,334,316,399,0,0
9874184,352,311,386,0,0
9875120,356,312,391,0,0
9876052,344,319,399,0,0
9876988,344,315,391,0,0
9877924,355,307,393,0,0
9878860,358,311,399,0,0
9879792,359,320,392,0,0
9880728,350,311,396,0,0
9881664,352,317,403,0,0
9882600,362,319,391,0,0
9883532,346,313,391,0,0
9884468,316,318,398,0,0
9885404,302,312,394,0,0
9886340,324,311,394,0,0
9887272,343,308,396,0,0
9888208,345,312,399,0,0
9889144,352,307,376,0,0
9890080,363,319,400,0,0
9891012,343,332,396,0,0
9891948,326,329,401,0,0
9892884,312,312,408,0,0
9893820,305,304,399,0,0
9894752,331,311,387,0,0
9895688,331,308,396,0,0
9896624,342,316,403,0,0
9897560,355,313,386,0,0
9898492,349,312,399,0,0
9899428,355,313,394,0,0
9900364,348,300,383,0,0
9901300,361,316,371,0,0
9902232,345,315,395,0,0
9903168,347,324,376,0,0
9904104,354,312,382,0,0
9905040,361,319,415,0,0
9905972,327,322,398,0,0
9906908,306,332,391,0,0
9907844,304,319,395,0,0
9908780,295,318,391,0,0
9909712,312,318,384,0,0
9910648,323,299,399,0,0
9911584,322,310,417,0,0
9912520,352,310,391,0,0
9913452,361,310,387,0,0
9914388,366,323,407,0,0
9915324,368,323,390,0,0
9916260,373,312,403,0,0
9917192,361,319,399,0,0
9918128,350,319,399,0,0
9919064,347,315,396,0,0
9920000,342,318,400,0,0
9920932,319,316,404,0,0
9921868,307,319,396,0,0
9922804,332,321,391,0,0
9923740,326,312,398,0,0
9924672,321,321,399,0,0
9925608,315,318,403,0,0
9926544,327,316,400,0,0
9927480,332,310,391,0,0
9928412,347,312,399,0,0
9929348,376,312,388,0,0
9930284,363,321,393,0,0
9931220,344,319,388,0,0
9932152,327,323,399,0,0
9933088,337,315,387,0,0
9934024,339,307,398,0,0
9934960,339,319,386,0,0
9935892,359,304,380,0,0
9936828,369,319,398,0,0
9937764,345,334,400,0,0
9938700,325,319,397,0,0
9939632,305,307,396,0,0
9940568,329,310,387,0,0
9941504,358,316,380,0,0
9942440,336,315,401,0,0
9943372,319,319,387,0,0
9944308,319,315,384,0,0
9945244,334,316,387,0,0
9946180,356,311,397,0,0
9947112,360,307,391,0,0
9948048,359,314,393,0,0
9948984,361,321,393,0,0
9949920,359,327,408,0,0
9950852,348,334,398,0,0
9951788,325,317,403,0,0
9952724,325,317,391,0,0
9953660,332,305,391,0,0
9954592,339,317,399,0,0
9955528,330,316,385,0,0
9956464,326,315,391,0,0
9957400,328,313,401,0,0
9958332,342,312,391,0,0
9959268,350,311,404,0,0
9960204,339,318,409,0,0
9961140,319,310,376,0,0
9962072,316,316,399,0,0
9963008,315,316,408,0,0
9963944,327,313,388,0,0
9964880,335,312,390,0,0
9965812,341,316,398,0,0
9966748,343,319,411,0,0
9967684,346,316,395,0,0
9968620,365,316,393,0,0
9969552,376,327,417,0,0
9970488,374,305,376,0,0
9971424,371,310,409,0,0
9972360,348,316,393,0,0
9973292,350,321,396,0,0
9974228,353,307,391,0,0
9975164,348,323,399,0,0
9976100,334,318,391,0,0
9977032,307,312,400,0,0
9977968,313,320,387,0,0
9978904,323,307,384,0,0
9979840,325,306,423,0,0
9980772,340,316,372,0,0
9981708,332,312,396,0,0
9982644,331,312,395,0,0
9983580,335,312,395,0,0
9984512,348,308,394,0,0
9985448,351,318,390,0,0
9986384,341,316,396,0,0
9987320,342,313,393,0,0
9988252,344,303,381,0,0
9989188,348,314,377,0,0
9990124,358,323,399,0,0
9991060,351,307,387,0,0
9991992,355,318,396,0,0
9992928,358,319,399,0,0
9993864,363,315,387,0,0
9994800,382,324,393,0,0
9995732,368,319,401,0,0
9996668,340,321,391,0,0
9997604,316,309,397,0,0
9998540,325,312,387,0,0
9999472,338,312,387,0,0
10000408,344,332,390,0,0
10001344,337,324,409,0,0
10002280,334,307,396,0,0
10003212,337,321,384,0,0
10004148,349,314,390,0,0
10005084,352,311,384,0,0
10006020,347,323,414,0,0
10006952,338,316,391,0,0
10007888,323,319,399,0,0
10008824,307,319,399,0,0
10009760,300,312,402,0,0
10010692,308,316,391,0,0
10011628,335,316,396,0,0
10012564,350,313,392,0,0
10013500,355,308,398,0,0
10014432,361,316,389,0,0
10015368,363,318,396,0,0
10016304,365,315,401,0,0
10017240,368,326,391,0,0
10018172,366,313,401,0,0
10019108,355,318,396,0,0
10020044,351,310,390,0,0
10020980,329,310,372,0,0
10021912,319,313,399,0,0
10022848,319,317,399,0,0
10023784,313,319,400,0,0
10024720,322,316,391,0,0
10025652,332,317,396,0,0
10026588,352,310,397,0,0
10027524,356,304,390,0,0
10028460,361,312,394,0,0
10029392,355,318,398,0,0
10030328,366,316,391,0,0
10031264,359,304,407,0,0
10032200,346,323,398,0,0
10033132,337,320,402,0,0
10034068,331,317,391,0,0
10035004,323,310,399,0,0
10035940,339,315,399,0,0
10036872,352,307,390,0,0
10037808,363,308,391,0,0
10038744,364,319,401,0,0
10039680,353,319,399,0,0
10040612,341,311,393,0,0
10041548,353,316,396,0,0
10042484,352,310,387,0,0
10043420,345,310,399,0,0
10044352,335,307,380,0,0
10045288,345,315,396,0,0
10046224,354,321,391,0,0
10047160,342,322,401,0,0
10048092,327,315,399,0,0
10049028,345,316,391,0,0
10049964,361,323,403,0,0
10050900,361,323,384,0,0
10051832,348,319,401,0,0
10052768,335,317,399,0,0
10053704,339,319,406,0,0
10054640,332,323,396,0,0
10055572,319,312,398,0,0
10056508,312,312,390,0,0
10057444,331,310,391,0,0
10058380,348,312,396,0,0
10059312,339,316,400,0,0
10060248,319,317,387,0,0
10061184,321,310,382,0,0
10062120,327,316,393,0,0
10063052,319,308,395,0,0
10063988,327,307,395,0,0
10064924,339,315,404,0,0
10065856,343,316,396,0,0
10066792,352,308,392,0,0
10067728,358,316,406,0,0
10068664,344,319,391,0,0
10069600,344,308,403,0,0
10070532,361,316,408,0,0
10071468,353,311,412,0,0
10072404,358,313,397,0,0
10073340,332,324,398,0,0
10074272,313,316,408,0,0
10075208,321,312,391,0,0
10076144,333,311,401,0,0
10077076,327,313,384,0,0
10078012,340,319,385,0,0
10078948,335,318,407,0,0
10079884,326,310,412,0,0
10080820,340,312,399,0,0
10081752,334,312,385,0,0
10082688,334,322,408,0,0
10083624,332,309,395,0,0
10084560,329,317,391,0,0
10085492,332,315,398,0,0
10086428,350,310,397,0,0
10087364,369,319,394,0,0
10088300,363,320,408,0,0
10089232,343,304,390,0,0
10090168,343,305,403,0,0
10091104,358,322,397,0,0
10092040,358,323,391,0,0
10092972,334,313,390,0,0
10093908,325,315,388,0,0
10094844,321,306,407,0,0
10095780,319,312,396,0,0
10096712,327,317,379,0,0
10097648,339,319,399,0,0
10098584,348,317,399,0,0
10099520,355,304,374,0,0
10100452,367,312,393,0,0
10101388,377,334,393,0,0
10102324,336,321,405,0,0
10103260,337,318,402,0,0
10104192,352,312,391,0,0
10105128,337,317,403,0,0
10106064,316,312,395,0,0
10107000,327,315,399,0,0
10107932,334,300,401,0,0
10108868,359,300,401,0,0
10109804,398,319,384,0,0
10110740,384,323,393,0,0
10111672,355,322,386,0,0
10112608,332,316,401,0,0
10113544,296,310,415,0,0
10114480,304,312,384,0,0
10115412,319,298,398,0,0
10116348,341,312,385,0,0
10117284,339,315,391,0,0
10118220,327,319,396,0,0
10119152,337,313,396,0,0
10120088,350,310,374,0,0
10121024,348,319,396,0,0
10121960,332,312,399,0,0
10122892,334,310,387,0,0
10123828,333,314,399,0,0
10124764,319,318,399,0,0
10125700,311,313,390,0,0
10126632,330,302,396,0,0
10127568,345,311,399,0,0
10128504,359,316,383,0,0
10129440,376,313,388,0,0
10130372,372,318,400,0,0
10131308,376,316,393,0,0
10132244,399,315,399,0,0
10133180,380,328,396,0,0
10134112,366,307,391,0,0
10135048,368,319,397,0,0
10135984,364,323,401,0,0
10136920,337,319,388,0,0
10137852,332,320,391,0,0
10138788,323,327,410,0,0
10139724,307,319,405,0,0
10140656,312,309,401,0,0
10141592,333,306,393,0,0
10142528,355,319,386,0,0
10143464,348,313,387,0,0
10144400,359,321,382,0,0
10145332,347,309,397,0,0
10146268,334,315,398,0,0
10147204,348,306,409,0,0
10148140,353,307,396,0,0
10149072,342,311,393,0,0
10150008,348,304,368,0,0
10150944,353,300,404,0,0
10151880,347,315,395,0,0
10152812,342,327,381,0,0
10153748,329,311,412,0,0
10154684,312,321,406,0,0
10155620,318,313,398,0,0
10156552,313,310,406,0,0
10157488,308,321,401,0,0
10158424,327,316,387,0,0
10159360,342,319,388,0,0
10160292,359,316,403,0,0
10161228,357,318,401,0,0
10162164,354,321,380,0,0
10163100,342,319,404,0,0
10164032,339,312,385,0,0
10164968,339,316,406,0,0
10165904,323,318,416,0,0
10166840,319,312,393,0,0
10167772,344,307,395,0,0
10168708,348,310,393,0,0
10169644,364,323,382,0,0
10170580,357,308,391,0,0
10171512,339,323,395,0,0
10172448,358,327,390,0,0
10173384,329,312,403,0,0
10174320,317,322,387,0,0
10175252,319,304,399,0,0
10176188,315,303,395,0,0
10177124,332,313,395,0,0
10178060,353,316,390,0,0
10178992,355,323,412,0,0
10179928,367,332,387,0,0
10180864,340,311,396,0,0
10181800,329,307,406,0,0
10182732,349,313,391,0,0
10183668,359,323,403,0,0
10184604,364,318,398,0,0
10185540,353,311,398,0,0
10186472,351,319,398,0,0
10187408,335,316,396,0,0
10188344,340,312,402,0,0
10189280,353,326,401,0,0
10190212,332,311,387,0,0
10191148,355,315,387,0,0
10192084,366,300,389,0,0
10193020,359,323,406,0,0
10193952,345,312,408,0,0
10194888,334,313,385,0,0
10195824,334,303,391,0,0
10196760,350,319,387,0,0
10197692,308,315,404,0,0
10198628,297,323,377,0,0
10199564,329,295,399,0,0
10200500,337,304,428,0,0
10201432,359,319,371,0,0
10202368,352,307,386,0,0
10203304,368,324,396,0,0
10204240,355,319,399,0,0
10205172,348,319,397,0,0
10206108,362,305,389,0,0
10207044,369,316,387,0,0
10207980,364,312,387,0,0
10208912,339,323,393,0,0
10209848,310,319,403,0,0
10210784,314,304,398,0,0
10211720,344,312,391,0,0
10212652,369,317,408,0,0
10213588,384,313,394,0,0
10214524,355,318,398,0,0
10215460,332,307,396,0,0
10216392,319,319,387,0,0
10217328,312,306,408,0,0
10218264,339,300,399,0,0
10219200,374,318,382,0,0
10220132,343,312,379,0,0
10221068,353,319,397,0,0
10222004,312,304,401,0,0
10222940,323,313,387,0,0
10223872,363,316,387,0,0
10224808,335,318,398,0,0
10225744,317,316,388,0,0
10226680,308,316,404,0,0
10227612,310,319,402,0,0
10228548,321,313,384,0,0
10229484,329,300,405,0,0
10230420,335,307,387,0,0
10231352,339,315,387,0,0
10232288,364,319,380,0,0
10233224,352,315,393,0,0
10234160,331,308,403,0,0
10235092,340,308,388,0,0
10236028,368,315,399,0,0
10236964,340,321,391,0,0
10237900,326,316,397,0,0
10238832,337,295,384,0,0
10239768,338,308,415,0,0
10240704,344,327,371,0,0
10241640,350,307,412,0,0
10242572,344,324,392,0,0
10243508,343,327,403,0,0
10244444,343,316,403,0,0
10245380,331,307,402,0,0
10246312,338,318,397,0,0
10247248,322,312,399,0,0
10248184,323,311,391,0,0
10249120,340,319,402,0,0
10250052,391,318,404,0,0
10250988,365,316,422,0,0
10251924,377,335,368,0,0
10252860,375,312,393,0,0
10253792,371,319,391,0,0
10254728,355,315,401,0,0
10255664,359,322,398,0,0
10256600,337,319,389,0,0
10257532,319,317,396,0,0
10258468,311,316,393,0,0
10259404,315,300,400,0,0
10260340,330,310,409,0,0
10261272,316,326,384,0,0
10262208,299,319,398,0,0
10263144,280,316,398,0,0
10264080,277,307,401,0,0
10265012,307,296,399,0,0
10265948,358,309,391,0,0
10266884,376,317,395,0,0
10267820,381,318,384,0,0
10268752,379,327,404,0,0
10269688,341,301,419,0,0
10270624,353,312,385,0,0
10271560,387,302,387,0,0
10272492,397,323,388,0,0
10273428,376,318,381,0,0
10274364,356,315,391,0,0
10275300,338,313,392,0,0
10276232,312,311,407,0,0
10277168,324,313,397,0,0
10278104,344,312,400,0,0
10279040,356,312,403,0,0
10279972,327,313,399,0,0
10280908,326,327,376,0,0
10281844,348,313,398,0,0
10282780,334,321,393,0,0
10283712,305,321,390,0,0
10284648,297,304,386,0,0
10285584,318,307,390,0,0
10286520,355,310,395,0,0
10287452,344,318,407,0,0
10288388,317,306,384,0,0
10289324,323,304,380,0,0
10290260,348,322,384,0,0
10291192,329,311,396,0,0
10292128,327,327,393,0,0
10293064,303,313,404,0,0
10294000,321,311,396,0,0
10294932,349,311,393,0,0
10295868,344,322,393,0,0
10296804,319,316,397,0,0
10297740,329,308,385,0,0
10298672,366,311,385,0,0
10299608,348,308,404,0,0
10300544,339,322,403,0,0
10301480,363,318,393,0,0
10302412,355,321,408,0,0
10303348,345,326,404,0,0
10304284,355,318,392,0,0
10305220,344,321,399,0,0
10306152,324,310,406,0,0
10307088,323,304,401,0,0
10308024,319,316,385,0,0
10308960,327,312,401,0,0
10309892,342,302,415,0,0
10310828,370,326,393,0,0
10311764,386,323,401,0,0
10312700,366,327,385,0,0
10313632,329,312,390,0,0
10314568,292,308,404,0,0
10315504,291,311,396,0,0
10316440,294,314,401,0,0
10317372,300,319,391,0,0
10318308,299,304,399,0,0
10319244,326,312,408,0,0
10320180,371,308,399,0,0
10321112,366,310,390,0,0
10322048,344,312,390,0,0
10322984,352,316,393,0,0
10323920,345,312,399,0,0
10324852,348,319,396,0,0
10325788,335,311,396,0,0
10326724,344,307,401,0,0
10327660,352,316,403,0,0
10328592,366,319,386,0,0
10329528,357,323,404,0,0
10330464,332,326,388,0,0
10331400,318,312,390,0,0
10332332,323,312,398,0,0
10333268,339,310,396,0,0
10334204,327,313,391,0,0
10335140,319,318,395,0,0
10336072,335,315,399,0,0
10337008,352,311,387,0,0
10337944,361,308,384,0,0
10338880,359,324,413,0,0
10339812,355,327,396,0,0
10340748,352,308,399,0,0
10341684,364,321,391,0,0
10342620,355,319,396,0,0
10343552,345,318,396,0,0
10344488,339,313,396,0,0
10345424,332,318,391,0,0
10346360,316,310,398,0,0
10347292,313,311,390,0,0
10348228,313,312,398,0,0
10349164,329,327,401,0,0
10350100,319,313,390,0,0
10351032,345,306,371,0,0
10351968,342,312,395,0,0
10352904,342,323,384,0,0
10353840,332,311,399,0,0
10354772,344,317,404,0,0
10355708,348,312,391,0,0
10356644,353,312,395,0,0
10357580,333,310,399,0,0
10358512,339,321,393,0,0
10359448,352,319,384,0,0
10360384,350,321,395,0,0
10361320,340,310,399,0,0
10362252,334,316,393,0,0
10363188,333,310,401,0,0
10364124,344,310,391,0,0
10365060,342,318,393,0,0
10365992,327,317,399,0,0
10366928,321,307,377,0,0
10367864,343,307,403,0,0
10368800,344,318,401,0,0
10369732,356,312,375,0,0
10370668,376,327,400,0,0
10371604,356,326,405,0,0
10372540,350,323,390,0,0
10373472,355,312,391,0,0
10374408,359,312,400,0,0
10375344,331,320,397,0,0
10376280,335,321,387,0,0
10377212,344,325,403,0,0
10378148,326,312,405,0,0
10379084,344,307,393,0,0
10380020,358,300,386,0,0
10380952,374,335,380,0,0
10381888,333,323,409,0,0
10382824,311,319,391,0,0
10383760,335,292,386,0,0
10384692,353,312,405,0,0
10385628,336,319,385,0,0
10386564,336,323,396,0,0
10387500,335,304,386,0,0
10388432,327,311,391,0,0
10389368,316,302,403,0,0
10390304,347,318,398,0,0
10391240,352,312,391,0,0
10392172,352,323,395,0,0
10393108,327,314,396,0,0
10394044,323,319,399,0,0
10394980,331,312,393,0,0
10395912,335,318,391,0,0
10396848,342,310,399,0,0
10397784,364,310,404,0,0
10398720,375,316,391,0,0
10399652,376,324,419,0,0
10400588,364,312,382,0,0
10401524,339,319,403,0,0
10402460,340,320,387,0,0
10403392,348,312,398,0,0
10404328,344,318,389,0,0
10405264,358,321,401,0,0
10406200,342,303,396,0,0
10407132,371,323,391,0,0
10408068,359,316,393,0,0
10409004,318,318,403,0,0
10409940,329,319,393,0,0
10410872,334,312,409,0,0
10411808,327,316,391,0,0
10412744,299,303,391,0,0
10413680,289,303,391,0,0
10414612,326,302,385,0,0
10415548,342,312,391,0,0
10416484,355,323,396,0,0
10417420,363,322,396,0,0
10418352,338,320,396,0,0
10419288,329,321,390,0,0
10420228,349,307,398,0,0
10421160,355,323,388,0,0
10422092,337,313,396,0,0
10423964,356,322,403,0,0
10424900,359,316,391,0,0
10425832,366,326,391,0,0
10426768,368,323,402,0,0
10427704,356,312,384,0,0
10428640,339,312,384,0,0
10429572,332,319,388,0,0
10430508,310,300,413,0,0
10431444,318,305,400,0,0
10432380,345,313,385,0,0
10433312,356,312,399,0,0
10434248,342,323,387,0,0
10435184,307,316,408,0,0
10436120,304,318,385,0,0
10437052,324,304,401,0,0
10437988,343,313,411,0,0
10438924,349,324,391,0,0
10439860,364,316,393,0,0
10440792,342,316,387,0,0
10441736,364,323,401,0,0
10442664,361,311,399,0,0
10443600,344,326,396,0,0
10444532,342,300,404,0,0
10445468,332,301,390,0,0
10446404,348,316,382,0,0
10447340,345,313,409,0,0
10448272,323,312,392,0,0
10449208,294,308,387,0,0
10450144,302,319,372,0,0
10451080,318,294,387,0,0
10452012,359,305,402,0,0
10452948,345,312,400,0,0
10453884,351,326,399,0,0
10454820,327,306,398,0,0
10455752,332,310,389,0,0
10456688,335,315,401,0,0
10457624,324,313,399,0,0
10458560,327,315,390,0,0
10459492,329,312,399,0,0
10460428,323,295,387,0,0
10461364,323,312,375,0,0
10462300,332,312,402,0,0
10463240,337,307,397,0,0
10464168,340,312,385,0,0
10465104,338,304,391,0,0
10466040,329,308,395,0,0
10466972,337,315,396,0,0
10467908,361,315,399,0,0
10468844,359,323,412,0,0
10469780,327,315,380,0,0
10470712,319,307,379,0,0
10471648,327,313,390,0,0
10472584,335,311,399,0,0
10473520,338,317,396,0,0
10474452,342,315,388,0,0
10475388,352,318,396,0,0
10476324,339,307,395,0,0
10477260,332,318,399,0,0
10478192,338,315,387,0,0
10479128,360,315,371,0,0
10480064,348,304,390,0,0
10481000,359,321,402,0,0
10481932,365,316,387,0,0
10482868,364,312,395,0,0
10483804,344,315,396,0,0
10484744,331,318,385,0,0
10485672,337,307,398,0,0
10486608,344,313,397,0,0
10487544,339,307,384,0,0
10489412,327,309,376,0,0
10490348,348,323,415,0,0
10491284,355,312,387,0,0
10492220,356,311,392,0,0
10493152,336,307,390,0,0
10494088,319,312,399,0,0
10495024,321,307,396,0,0
10495956,356,316,399,0,0
10496892,371,313,387,0,0
10497828,348,313,393,0,0
10498764,340,315,394,0,0
10499700,327,310,399,0,0
10500632,319,304,403,0,0
10501568,323,310,391,0,0
10502504,319,304,394,0,0
10503440,368,317,398,0,0
10504372,371,311,383,0,0
10505308,364,324,398,0,0
10506248,354,312,398,0,0
10507180,357,318,401,0,0
10508112,367,318,401,0,0
10509048,380,319,377,0,0
10509984,380,316,397,0,0
10510920,344,317,380,0,0
10511852,317,304,404,0,0
10512788,319,312,388,0,0
10513724,339,316,396,0,0
10514660,343,315,403,0,0
10515592,332,316,401,0,0
10516528,327,316,401,0,0
10517464,339,312,403,0,0
10518400,345,312,394,0,0
10519332,374,312,400,0,0
10520268,344,321,411,0,0
10521204,307,305,376,0,0
10522140,310,300,396,0,0
10523072,343,307,399,0,0
10524008,347,312,399,0,0
10524944,350,304,390,0,0
10525880,384,319,387,0,0
10526812,380,309,401,0,0
10527756,359,337,387,0,0
10528684,337,308,399,0,0
10529620,322,305,403,0,0
10530552,368,319,364,0,0
10531488,370,323,396,0,0
10532424,323,323,387,0,0
10533360,303,316,388,0,0
10534292,323,304,399,0,0
10535228,343,307,407,0,0
10536164,339,312,393,0,0
10537100,342,311,399,0,0
10538032,345,310,402,0,0
10538968,350,319,404,0,0
10539904,370,321,383,0,0
10540840,366,307,393,0,0
10541772,370,329,376,0,0
10542708,340,305,395,0,0
10543644,339,314,384,0,0
10544580,313,307,387,0,0
10545512,316,306,399,0,0
10546448,327,307,386,0,0
10547384,337,318,399,0,0
10548320,352,316,401,0,0
10549260,386,325,375,0,0
10550188,352,309,404,0,0
10551124,332,310,388,0,0
10552060,323,307,397,0,0
10552992,312,304,408,0,0
10554864,310,307,391,0,0
10555800,321,310,379,0,0
10556732,347,305,392,0,0
10557668,342,311,393,0,0
10558604,348,319,402,0,0
10559540,335,304,384,0,0
10560472,327,310,395,0,0
10561408,324,307,399,0,0
10562344,345,317,393,0,0
10563280,335,310,391,0,0
10564212,335,312,399,0,0
10565148,348,312,399,0,0
10566084,347,311,383,0,0
10567020,366,313,391,0,0
10567952,371,312,398,0,0
10568888,366,337,398,0,0
10569824,344,300,391,0,0
10570764,335,302,387,0,0
10571692,332,308,390,0,0
10572628,348,315,395,0,0
10573564,359,306,402,0,0
10574500,373,329,384,0,0
10575432,334,315,391,0,0
10576368,281,308,385,0,0
10577304,280,308,384,0,0
10578240,287,302,400,0,0
10579172,303,300,403,0,0
10580108,318,313,383,0,0
10581044,341,323,408,0,0
10581976,340,319,404,0,0
10582912,329,327,403,0,0
10583848,319,312,395,0,0
10584784,309,305,396,0,0
10585720,313,307,395,0,0
10586652,320,309,403,0,0
10587588,324,312,398,0,0
10588524,327,313,406,0,0
10589460,337,307,408,0,0
10590392,359,310,393,0,0
10591328,369,312,398,0,0
10592268,377,316,393,0,0
10593200,384,322,390,0,0
10594132,380,319,395,0,0
10595068,379,327,388,0,0
10596004,371,316,403,0,0
10596940,355,321,388,0,0
10597872,327,310,406,0,0
10598808,355,302,384,0,0
10599744,401,307,380,0,0
10600680,376,319,411,0,0
10601612,324,322,391,0,0
10602548,312,303,384,0,0
10603484,348,307,408,0,0
10604420,371,310,396,0,0
10605352,361,318,376,0,0
10606288,346,316,396,0,0
10607224,319,307,403,0,0
10608160,344,313,400,0,0
10609092,347,309,399,0,0
10610028,350,311,390,0,0
10610964,354,323,379,0,0
10611900,337,316,392,0,0
10612832,307,308,391,0,0
10613776,316,304,390,0,0
10614704,337,308,387,0,0
10615640,353,315,401,0,0
10616572,334,316,395,0,0
10617508,327,321,387,0,0
10618444,335,314,401,0,0
10619380,327,313,391,0,0
10620312,318,310,404,0,0
10621248,318,307,393,0,0
10622184,327,316,398,0,0
10623120,319,304,393,0,0
10624052,318,306,398,0,0
10624988,345,307,396,0,0
10625924,364,320,395,0,0
10626860,361,316,395,0,0
10627792,331,312,387,0,0
10628728,308,312,403,0,0
10629664,329,308,387,0,0
10630600,343,307,396,0,0
10631532,353,313,391,0,0
10632468,361,308,403,0,0
10633404,382,323,391,0,0
10634340,385,324,393,0,0
10635280,374,315,412,0,0
10636208,384,317,387,0,0
10637144,371,312,387,0,0
10638080,327,300,391,0,0
10639012,306,316,412,0,0
10639948,351,324,368,0,0
10640884,334,308,402,0,0
10641820,312,319,395,0,0
10642752,332,307,384,0,0
10643688,342,313,401,0,0
10644624,350,317,391,0,0
10645560,377,304,397,0,0
10646492,369,317,390,0,0
10647428,327,323,387,0,0
10648364,291,311,393,0,0
10649300,285,299,398,0,0
10650232,323,305,380,0,0
10651168,355,305,388,0,0
10652104,368,321,388,0,0
10653040,359,319,387,0,0
10653972,347,321,387,0,0
10654908,341,312,394,0,0
10655844,349,308,398,0,0
10656784,355,315,384,0,0
10657712,339,307,388,0,0
10658648,341,319,397,0,0
10659584,316,304,385,0,0
10660520,338,311,387,0,0
10661452,342,304,399,0,0
10662388,344,319,387,0,0
10663324,344,318,393,0,0
10664260,337,303,388,0,0
10665192,327,312,393,0,0
10666128,337,316,401,0,0
10667064,331,309,389,0,0
10668000,315,303,407,0,0
10668932,303,319,388,0,0
10669868,321,307,395,0,0
10670804,323,300,414,0,0
10671740,359,312,399,0,0
10672672,357,313,403,0,0
10673608,342,315,393,0,0
10674544,345,315,385,0,0
10675480,338,312,399,0,0
10676412,322,307,408,0,0
10677348,337,318,398,0,0
10678288,344,307,396,0,0
10679220,345,318,404,0,0
10680152,352,326,399,0,0
10681088,344,315,399,0,0
10682024,348,321,399,0,0
10682960,333,313,393,0,0
10683892,344,316,403,0,0
10684828,344,305,388,0,0
10685764,345,319,387,0,0
10686700,338,312,391,0,0
10687632,338,310,399,0,0
10688568,323,310,402,0,0
10689504,335,323,391,0,0
10690440,340,312,396,0,0
10691372,356,304,398,0,0
10692308,337,311,396,0,0
10693244,347,316,390,0,0
10694180,343,313,397,0,0
10695112,329,319,385,0,0
10696048,321,307,402,0,0
10696984,340,310,393,0,0
10697920,343,316,390,0,0
10698852,337,308,387,0,0
10699796,327,303,376,0,0
10700724,334,318,409,0,0
10701660,352,319,396,0,0
10702592,352,316,395,0,0
10703528,339,321,391,0,0
10704464,331,312,384,0,0
10705400,326,307,393,0,0
10706332,337,307,391,0,0
10707268,331,300,398,0,0
10708204,321,312,390,0,0
10709140,344,310,402,0,0
10710072,336,313,396,0,0
10711008,344,324,398,0,0
10711944,344,313,401,0,0
10712880,359,316,389,0,0
10713812,359,311,409,0,0
10714748,340,310,398,0,0
10715684,332,313,396,0,0
10716620,352,307,391,0,0
10717552,380,322,398,0,0
10718488,374,316,388,0,0
10719424,384,329,380,0,0
10720360,373,319,409,0,0
10721300,339,311,384,0,0
10722228,315,312,390,0,0
10723164,306,305,390,0,0
10724100,313,308,398,0,0
10725032,324,312,396,0,0
10725968,345,306,384,0,0
10726904,367,307,387,0,0
10727840,365,319,396,0,0
10728772,355,321,371,0,0
10729708,356,319,387,0,0
10730644,313,303,397,0,0
10731580,318,307,395,0,0
10732512,330,313,400,0,0
10733448,327,315,391,0,0
10734384,332,307,396,0,0
10735320,348,316,383,0,0
10736252,359,313,399,0,0
10737188,345,317,382,0,0
10738124,319,307,384,0,0
10739060,329,309,391,0,0
10739992,334,319,415,0,0
10740928,321,305,409,0,0
10741864,344,304,388,0,0
10742804,356,323,397,0,0
10743732,347,312,396,0,0
10744668,359,310,399,0,0
10745604,387,324,399,0,0
10746540,390,316,404,0,0
10747472,357,312,398,0,0
10748408,376,319,390,0,0
10749344,342,310,385,0,0
10750280,313,316,399,0,0
10751212,318,310,380,0,0
10752148,312,306,398,0,0
10753084,311,310,397,0,0
10754020,308,310,399,0,0
10754952,297,308,399,0,0
10755888,323,315,385,0,0
10756824,337,312,394,0,0
10757760,344,313,385,0,0
10758692,356,312,403,0,0
10759628,376,316,387,0,0
10760564,378,316,395,0,0
10761500,363,308,391,0,0
10762432,371,318,384,0,0
10763368,361,313,399,0,0
10764308,344,312,390,0,0
10765240,331,310,399,0,0
10766172,333,307,391,0,0
10767108,369,314,398,0,0
10768044,382,319,385,0,0
10768980,327,308,406,0,0
10769912,321,311,401,0,0
10770848,351,315,391,0,0
10771784,334,307,384,0,0
10772720,331,298,384,0,0
10773652,361,319,389,0,0
10774588,352,307,404,0,0
10775524,332,323,384,0,0
10776460,331,311,402,0,0
10777392,335,310,403,0,0
10778328,331,318,396,0,0
10779264,339,316,377,0,0
10780200,329,319,398,0,0
10781132,319,308,393,0,0
10782068,330,310,393,0,0
10783004,364,314,406,0,0
10783940,368,323,381,0,0
10784872,358,316,396,0,0
10785812,359,317,391,0,0
10786744,363,323,386,0,0
10787680,367,318,409,0,0
10788612,364,316,395,0,0
10789548,347,318,384,0,0
10790484,352,315,377,0,0
10791420,364,307,396,0,0
10792352,359,319,402,0,0
10793288,329,312,411,0,0
10794224,327,319,385,0,0
10795160,364,307,394,0,0
10796092,363,320,384,0,0
10797028,318,311,403,0,0
10797964,300,313,387,0,0
10798900,318,286,403,0,0
10799832,315,319,390,0,0
10800768,287,303,414,0,0
10801704,280,310,397,0,0
10802640,305,314,398,0,0
10803572,327,310,390,0,0
10804508,312,311,400,0,0
10805444,287,300,393,0,0
10806380,299,304,390,0,0
10807316,327,312,399,0,0
10808248,351,307,399,0,0
10809184,361,310,380,0,0
10810120,374,312,387,0,0
10811052,383,318,399,0,0
10811988,371,321,409,0,0
10812924,367,310,396,0,0
10813860,390,307,377,0,0
10814792,412,311,401,0,0
10815728,412,329,386,0,0
10816664,376,324,408,0,0
10817600,339,312,393,0,0
10818532,336,310,394,0,0
10819468,363,319,408,0,0
10820404,348,329,382,0,0
10821340,346,311,388,0,0
10822272,327,299,419,0,0
10823208,336,316,385,0,0
10824144,356,316,399,0,0
10825080,318,319,398,0,0
10826012,292,312,385,0,0
10826948,300,307,393,0,0
10827884,303,303,403,0,0
10828820,305,295,377,0,0
10829752,361,297,391,0,0
10830688,384,323,415,0,0
10831624,359,322,396,0,0
10832560,346,312,384,0,0
10833492,337,315,390,0,0
10834428,334,305,405,0,0
10835364,348,305,403,0,0
10836300,374,316,395,0,0
10837232,366,324,391,0,0
10838168,337,315,401,0,0
10839104,329,325,411,0,0
10840040,318,316,402,0,0
10840972,327,311,390,0,0
10841908,344,312,401,0,0
10842844,343,319,396,0,0
10843780,349,313,391,0,0
10844712,350,315,401,0,0
10845648,323,319,391,0,0
10846584,319,310,401,0,0
10847520,332,312,392,0,0
10848452,319,304,384,0,0
10849388,321,306,396,0,0
10850324,305,303,387,0,0
10851260,305,312,390,0,0
10852192,299,310,403,0,0
10853128,307,298,387,0,0
10854064,341,308,387,0,0
10855000,359,319,392,0,0
10855932,357,313,389,0,0
10856868,353,312,379,0,0
10857804,354,314,400,0,0
10858740,347,310,395,0,0
10859672,354,305,390,0,0
10860608,350,312,407,0,0
10861544,349,321,404,0,0
10862480,359,319,407,0,0
10863412,376,319,388,0,0
10864348,359,313,384,0,0
10865284,347,315,400,0,0
10866220,380,310,390,0,0
10867152,401,323,403,0,0
10868088,367,320,414,0,0
10869024,334,316,385,0,0
10869960,342,316,366,0,0
10870892,319,306,386,0,0
10871828,335,315,384,0,0
10872764,345,308,393,0,0
10873700,355,315,398,0,0
10874632,372,312,396,0,0
10875568,343,321,403,0,0
10876504,304,313,397,0,0
10877440,327,295,384,0,0
10878372,334,310,384,0,0
10879308,315,315,406,0,0
10880244,319,304,391,0,0
10881180,312,326,398,0,0
10882112,307,304,398,0,0
10883048,323,305,381,0,0
10883984,350,301,401,0,0
10884920,375,319,391,0,0
10885852,371,324,391,0,0
10886788,380,319,395,0,0
10887724,353,300,391,0,0
10888660,381,322,371,0,0
10889592,396,334,402,0,0
10890528,359,322,420,0,0
10891464,366,314,397,0,0
10892400,392,319,390,0,0
10893332,387,319,397,0,0
10894268,337,307,403,0,0
10895204,355,313,396,0,0
10896140,348,321,412,0,0
10897072,323,313,384,0,0
10898008,332,297,393,0,0
10898944,297,327,390,0,0
10899880,303,307,408,0,0
10900812,323,318,380,0,0
10901748,295,312,391,0,0
10902684,307,304,398,0,0
10903620,327,306,384,0,0
10904552,318,306,391,0,0
10905488,332,312,383,0,0
10906424,340,315,402,0,0
10907360,326,318,398,0,0
10908292,321,307,403,0,0
10909228,319,300,391,0,0
10910164,352,311,408,0,0
10911100,333,315,411,0,0
10912032,286,323,399,0,0
10912968,302,304,395,0,0
10913904,361,312,398,0,0
10914840,368,323,403,0,0
10915772,366,326,396,0,0
10916708,384,318,390,0,0
10917644,373,315,395,0,0
10918580,380,312,384,0,0
10919512,380,310,403,0,0
10920448,382,323,398,0,0
10921384,366,328,413,0,0
10922320,327,318,382,0,0
10923252,353,312,399,0,0
10924188,356,312,407,0,0
10925124,335,319,391,0,0
10926060,365,310,375,0,0
10926992,390,300,384,0,0
10927928,371,317,415,0,0
10928864,339,327,403,0,0
10929800,327,308,386,0,0
10930732,331,317,371,0,0
10931668,327,315,401,0,0
10932604,316,295,394,0,0
10933540,322,304,381,0,0
10934472,334,318,396,0,0
10935408,312,318,394,0,0
10936344,322,304,412,0,0
10937280,350,307,394,0,0
10938212,335,316,385,0,0
10939148,326,312,408,0,0
10940084,326,318,413,0,0
10941020,344,319,390,0,0
10941952,353,312,383,0,0
10942888,317,311,412,0,0
10943824,312,326,391,0,0
10944760,320,312,396,0,0
10945692,305,318,402,0,0
10946628,287,294,393,0,0
10947564,347,311,380,0,0
10948500,340,310,384,0,0
10949432,308,311,415,0,0
10950368,316,302,396,0,0
10951304,313,305,387,0,0
10952240,327,313,385,0,0
10953172,328,307,387,0,0
10954108,332,310,399,0,0
10955044,319,304,394,0,0
10955980,352,305,381,0,0
10956912,353,319,391,0,0
10957848,336,318,393,0,0
10958784,358,305,386,0,0
10959720,368,319,399,0,0
10960652,339,319,401,0,0
10961588,344,312,393,0,0
10962524,345,300,393,0,0
10963460,345,315,399,0,0
10964392,367,318,399,0,0
10965328,364,321,385,0,0
10966264,340,312,407,0,0
10967200,328,302,380,0,0
10968132,345,310,388,0,0
10969068,350,314,391,0,0
10970004,335,299,407,0,0
10970940,344,315,391,0,0
10971872,371,313,406,0,0
10972808,369,324,388,0,0
10973744,345,318,401,0,0
10974680,319,316,396,0,0
10975612,325,312,391,0,0
10976548,331,308,404,0,0
10977484,317,302,399,0,0
10978420,300,308,374,0,0
10979352,329,306,417,0,0
10980288,345,316,391,0,0
10981224,336,322,392,0,0
10982160,308,311,395,0,0
10983092,303,304,387,0,0
10984028,335,308,396,0,0
10984964,337,308,396,0,0
10985900,326,316,391,0,0
10986832,303,303,398,0,0
10987768,311,302,387,0,0
10988704,334,307,392,0,0
10989640,339,307,377,0,0
10990572,352,316,392,0,0
10991508,359,324,396,0,0
10992444,345,312,396,0,0
10993380,339,306,408,0,0
10994312,387,313,399,0,0
10995248,411,339,393,0,0
10996184,368,315,393,0,0
10997120,327,312,396,0,0
10998052,318,295,396,0,0
10998988,332,302,377,0,0
10999924,361,312,378,0,0
11000860,374,316,403,0,0
11001792,373,315,380,0,0
11002728,358,325,401,0,0
11003664,339,311,379,0,0
11004600,312,299,380,0,0
11005532,335,307,385,0,0
11006468,332,311,391,0,0
11007404,316,300,384,0,0
11008340,319,297,407,0,0
11009272,346,327,397,0,0
11010208,339,318,396,0,0
11011144,324,317,401,0,0
11012080,302,311,391,0,0
11013012,280,303,385,0,0
11013948,254,299,401,0,0
11014884,283,289,395,0,0
11015820,305,295,393,0,0
11016752,321,312,397,0,0
11017688,331,316,399,0,0
11018624,323,307,399,0,0
11019560,323,304,397,0,0
11020492,336,307,395,0,0
11021428,335,310,387,0,0
11022364,327,304,388,0,0
11023300,335,310,396,0,0
11024232,329,302,396,0,0
11025168,339,314,390,0,0
11026104,344,307,387,0,0
11027040,353,316,384,0,0
11027972,349,310,395,0,0
11028908,344,311,379,0,0
11029844,359,316,393,0,0
11030780,380,315,383,0,0
11031712,385,312,398,0,0
11032648,376,318,393,0,0
11033584,376,319,391,0,0
11034520,387,315,393,0,0
11035452,376,316,392,0,0
11036388,347,314,386,0,0
11037324,333,315,396,0,0
11038260,332,304,387,0,0
11039192,339,315,403,0,0
11040128,352,312,414,0,0
11041064,355,318,387,0,0
11042000,323,319,395,0,0
11042932,315,302,391,0,0
11043868,345,317,396,0,0
11044804,343,315,397,0,0
11045740,304,313,404,0,0
11046672,295,310,395,0,0
11047608,315,305,395,0,0
11048544,346,311,384,0,0
11049480,364,315,389,0,0
11050412,340,315,398,0,0
11051348,332,310,399,0,0
11052284,337,312,395,0,0
11053220,355,318,393,0,0
11054152,354,312,393,0,0
11055088,321,307,403,0,0
11056024,303,319,384,0,0
11056960,309,312,388,0,0
11057892,327,312,403,0,0
11058828,340,305,403,0,0
11059764,347,312,396,0,0
11060700,337,313,404,0,0
11061632,327,307,393,0,0
11062568,326,314,396,0,0
11063504,327,315,396,0,0
11064440,333,307,388,0,0
11065372,347,313,399,0,0
11066308,348,309,391,0,0
11067244,358,315,391,0,0
11068180,364,311,387,0,0
11069112,363,313,396,0,0
11070048,356,326,406,0,0
11070984,332,312,395,0,0
11071920,339,312,387,0,0
11072852,358,313,393,0,0
11073788,357,319,398,0,0
11074724,345,319,391,0,0
11075660,332,308,395,0,0
11076592,334,319,391,0,0
11077528,355,312,396,0,0
11078464,375,314,419,0,0
11079400,372,325,391,0,0
11080332,394,319,390,0,0
11081268,384,313,403,0,0
11082204,374,324,399,0,0
11083140,348,312,398,0,0
11084072,313,319,391,0,0
11085008,315,310,392,0,0
11085944,321,295,401,0,0
11086880,352,319,382,0,0
11087812,352,312,404,0,0
11088748,352,328,406,0,0
11089684,359,327,393,0,0
11090620,343,311,390,0,0
11091552,344,312,386,0,0
11092488,364,312,398,0,0
11093424,382,327,388,0,0
11094360,347,312,396,0,0
11095292,318,313,400,0,0
11096228,319,313,393,0,0
11097164,322,305,391,0,0
11098100,316,301,391,0,0
11099032,313,310,412,0,0
11099968,327,295,376,0,0
11100904,323,317,401,0,0
11101840,340,307,385,0,0
11102772,334,305,393,0,0
11103708,341,315,394,0,0
11104644,339,315,398,0,0
11105580,328,306,391,0,0
11106512,337,307,398,0,0
11107448,354,312,391,0,0
11108384,355,327,385,0,0
11109320,348,319,393,0,0
11110252,344,312,396,0,0
11111188,343,318,398,0,0
11112124,339,312,388,0,0
11113060,348,315,399,0,0
11113992,337,316,396,0,0
11114928,331,319,390,0,0
11115864,319,308,399,0,0
11116800,331,310,399,0,0
11117732,323,303,393,0,0
11118668,327,310,395,0,0
11119604,321,315,419,0,0
11120540,334,321,417,0,0
11121472,336,307,385,0,0
11122408,347,308,399,0,0
11123344,365,315,391,0,0
11124280,364,320,399,0,0
11125212,350,321,401,0,0
11126148,350,318,403,0,0
11127084,342,311,388,0,0
11128020,337,304,398,0,0
11128952,355,312,398,0,0
11129888,364,316,387,0,0
11130824,352,318,394,0,0
11131760,331,310,385,0,0
11132692,310,305,391,0,0
11133628,302,295,399,0,0
11134564,324,305,401,0,0
11135500,359,324,391,0,0
11136432,329,311,396,0,0
11137368,323,310,388,0,0
11138304,327,303,403,0,0
11139240,340,312,384,0,0
11140172,335,310,397,0,0
11141108,335,316,398,0,0
11142044,334,315,403,0,0
11142980,335,308,387,0,0
11144848,344,317,390,0,0
11145784,335,312,396,0,0
11146720,337,313,381,0,0
11147652,347,312,399,0,0
11148588,339,307,382,0,0
11149524,350,318,385,0,0
11150460,322,304,417,0,0
11151392,345,311,387,0,0
11152328,348,313,398,0,0
11153264,355,312,396,0,0
11154200,352,313,398,0,0
11155132,348,310,395,0,0
11156068,344,307,388,0,0
11157004,329,309,390,0,0
11157940,327,313,399,0,0
11158872,326,307,396,0,0
11159808,324,312,401,0,0
11160744,323,302,399,0,0
11161680,315,307,396,0,0
11162612,324,312,390,0,0
11163548,341,308,390,0,0
11164484,349,316,388,0,0
11165420,344,312,388,0,0
11166352,331,315,403,0,0
11167288,327,308,395,0,0
11168224,338,303,396,0,0
11169160,347,300,374,0,0
11170092,344,315,415,0,0
11171028,351,321,399,0,0
11171964,342,315,395,0,0
11172900,339,311,403,0,0
11173832,341,316,391,0,0
11174768,347,316,394,0,0
11175704,344,308,396,0,0
11176640,352,312,387,0,0
11177572,361,313,395,0,0
11178508,359,318,419,0,0
11179444,367,316,399,0,0
11180380,361,316,402,0,0
11181312,350,305,384,0,0
11182248,359,314,391,0,0
11183184,353,312,399,0,0
11184120,356,316,385,0,0
11185052,344,303,395,0,0
11185988,371,324,385,0,0
11186924,363,319,401,0,0
11187860,339,314,399,0,0
11188792,353,304,393,0,0
11189728,345,301,381,0,0
11190664,334,320,390,0,0
11191600,327,316,390,0,0
11192532,344,309,381,0,0
11193468,368,306,395,0,0
11194404,368,316,387,0,0
11195340,338,312,399,0,0
11196272,327,312,390,0,0
11197208,327,306,393,0,0
11198144,300,304,399,0,0
11199080,300,313,398,0,0
11200012,303,313,418,0,0
11200948,319,308,398,0,0
11201884,329,310,391,0,0
11202820,332,307,395,0,0
11203752,324,314,386,0,0
11204688,332,310,377,0,0
11205624,347,306,396,0,0
11206560,345,306,399,0,0
11207492,335,312,399,0,0
11208428,329,311,386,0,0
11210300,337,318,385,0,0
11211232,358,312,394,0,0
11212168,355,321,391,0,0
11213104,345,312,385,0,0
11214040,344,312,397,0,0
11214972,355,315,395,0,0
11215908,363,313,388,0,0
11216844,374,326,403,0,0
11217780,348,308,399,0,0
11218712,337,316,403,0,0
11219648,338,314,391,0,0
11220584,339,307,393,0,0
11221520,327,303,399,0,0
11222452,366,312,376,0,0
11223388,371,322,385,0,0
11224324,349,312,391,0,0
11225260,343,315,391,0,0
11226192,350,315,403,0,0
11227128,348,305,396,0,0
11228064,355,307,388,0,0
11229000,355,310,375,0,0
11229932,335,316,389,0,0
11230868,304,315,387,0,0
11231804,303,307,391,0,0
11232740,302,300,400,0,0
11233672,327,318,396,0,0
11234608,350,312,399,0,0
11235544,337,316,393,0,0
11236480,337,319,399,0,0
11237412,351,310,391,0,0
11238348,344,307,380,0,0
11239284,334,303,369,0,0
11240220,321,300,382,0,0
11241152,343,312,391,0,0
11242088,368,312,411,0,0
11243024,365,319,406,0,0
11243960,364,318,384,0,0
11244892,346,312,393,0,0
11245828,344,319,390,0,0
11246764,352,313,403,0,0
11247700,364,311,409,0,0
11248632,380,319,388,0,0
11249568,385,327,384,0,0
11250504,380,326,371,0,0
11251440,348,316,401,0,0
11252372,331,307,387,0,0
11253308,315,300,391,0,0
11254244,331,303,393,0,0
11255180,327,311,391,0,0
11256112,326,312,380,0,0
11257048,337,304,402,0,0
11257984,335,318,397,0,0
11258920,312,319,384,0,0
11259852,307,301,407,0,0
11260788,316,301,402,0,0
11261724,324,312,387,0,0
11262660,323,311,399,0,0
11263592,318,310,384,0,0
11264528,334,313,391,0,0
11265464,334,310,387,0,0
11266400,334,313,395,0,0
11267332,337,304,395,0,0
11268268,350,314,396,0,0
11269204,366,321,407,0,0
11270140,366,330,368,0,0
11271072,350,318,393,0,0
11272008,348,310,403,0,0
11272944,340,313,404,0,0
11273880,343,311,384,0,0
11275748,385,318,399,0,0
11276684,377,323,406,0,0
11277620,339,313,396,0,0
11278552,330,315,376,0,0
11279488,340,319,400,0,0
11280424,331,316,387,0,0
11281360,316,312,397,0,0
11282292,319,316,394,0,0
11283228,316,308,391,0,0
11284164,304,310,399,0,0
11285100,316,297,397,0,0
11286032,329,311,398,0,0
11286968,312,312,390,0,0
11287904,305,306,384,0,0
11288840,318,294,388,0,0
11289772,323,299,385,0,0
11290708,323,311,396,0,0
11291644,327,305,389,0,0
11292576,337,315,399,0,0
11293512,344,316,385,0,0
11294448,335,311,391,0,0
11295384,344,312,392,0,0
11296320,347,307,388,0,0
11297252,352,307,391,0,0
11298188,351,307,391,0,0
11299124,347,317,391,0,0
11300060,355,302,377,0,0
11300992,359,310,395,0,0
11301928,373,319,399,0,0
11302864,365,316,393,0,0
11303800,369,310,391,0,0
11304732,387,323,408,0,0
11305668,391,316,391,0,0
11306604,388,327,396,0,0
11307540,359,305,403,0,0
11308472,358,312,395,0,0
11309408,360,329,380,0,0
11310344,346,319,390,0,0
11311280,325,310,387,0,0
11312212,319,310,402,0,0
11313148,319,308,399,0,0
11314084,312,306,383,0,0
11315020,295,304,395,0,0
11315952,295,311,396,0,0
11316888,305,311,380,0,0
11317824,303,305,391,0,0
11318760,297,312,412,0,0
11319692,315,309,387,0,0
11320628,327,311,399,0,0
11321564,344,314,403,0,0
11322500,353,319,406,0,0
11323432,348,319,399,0,0
11324368,348,318,398,0,0
11325304,350,316,390,0,0
11326240,344,315,388,0,0
11327172,340,307,387,0,0
11328108,349,316,403,0,0
11329044,335,311,400,0,0
11329980,353,319,375,0,0
11330912,349,307,391,0,0
11331848,364,318,396,0,0
11332784,379,322,390,0,0
11333720,384,323,413,0,0
11334652,349,310,402,0,0
11335588,329,313,387,0,0
11336524,344,319,399,0,0
11337460,369,311,396,0,0
11338392,384,319,399,0,0
11339328,381,312,384,0,0
11340264,365,315,401,0,0
11341200,347,326,396,0,0
11342132,344,316,393,0,0
11343068,340,315,391,0,0
11344004,342,318,396,0,0
11344940,329,307,408,0,0
11345872,318,312,399,0,0
11346808,334,308,387,0,0
11347744,333,316,393,0,0
11348680,327,310,404,0,0
11349612,324,324,405,0,0
11350548,335,295,393,0,0
11351484,359,316,398,0,0
11352420,341,315,396,0,0
11353352,332,312,389,0,0
11354288,323,300,393,0,0
11355224,329,307,382,0,0
11356160,339,311,395,0,0
11357092,352,312,399,0,0
11358028,367,328,398,0,0
11358964,375,323,393,0,0
11359900,359,323,383,0,0
11360832,335,310,394,0,0
11361768,319,310,393,0,0
11362704,300,304,382,0,0
11363640,304,308,396,0,0
11364572,327,312,387,0,0
11365508,355,309,387,0,0
11366444,359,312,399,0,0
11367380,361,319,395,0,0
11368312,344,312,411,0,0
11369248,359,314,376,0,0
11370184,352,309,415,0,0
11371120,348,313,387,0,0
11372052,333,312,399,0,0
11372988,348,307,393,0,0
11373924,359,313,396,0,0
11374860,350,307,395,0,0
11375792,348,319,391,0,0
11376728,350,316,390,0,0
11377668,348,325,401,0,0
11378600,323,308,423,0,0
11379532,323,297,398,0,0
11380468,344,304,390,0,0
11381404,339,312,391,0,0
11382340,335,311,380,0,0
11383272,335,319,387,0,0
11384208,326,306,396,0,0
11385144,314,307,391,0,0
11386080,305,308,400,0,0
11387012,319,304,395,0,0
11387948,326,307,377,0,0
11388884,323,318,426,0,0
11389820,340,316,361,0,0
11390752,332,307,397,0,0
11391688,339,310,406,0,0
11392624,345,312,397,0,0
11393560,334,314,395,0,0
11394492,344,307,387,0,0
11395428,344,313,398,0,0
11396364,359,318,398,0,0
11397300,371,321,399,0,0
11398232,385,321,399,0,0
11399176,381,326,374,0,0
11400104,335,300,396,0,0
11401040,367,321,396,0,0
11401972,375,316,381,0,0
11402908,359,324,403,0,0
11403844,333,313,399,0,0
11404780,329,312,386,0,0
11405712,313,313,399,0,0
11406648,307,305,387,0,0
11407584,307,297,390,0,0
11408520,311,311,385,0,0
11409452,321,311,393,0,0
11410388,352,316,391,0,0
11411324,368,319,386,0,0
11412260,353,318,394,0,0
11413192,343,312,385,0,0
11414128,350,315,403,0,0
11415064,342,317,401,0,0
11416000,324,310,386,0,0
11416932,316,304,400,0,0
11417868,316,307,403,0,0
11418804,335,316,393,0,0
11419740,333,319,406,0,0
11420680,327,308,395,0,0
11421608,319,312,396,0,0
11422544,334,311,390,0,0
11423480,356,311,390,0,0
11424412,356,321,399,0,0
11425348,344,310,388,0,0
11426284,345,312,390,0,0
11427220,364,312,403,0,0
11428152,387,317,393,0,0
11429088,377,326,406,0,0
11430024,356,316,393,0,0
11430960,330,315,391,0,0
11431892,319,295,384,0,0
11432828,335,307,390,0,0
11433764,321,312,401,0,0
11434700,319,312,408,0,0
11435632,318,308,390,0,0
11436568,319,311,407,0,0
11437504,319,306,396,0,0
11438440,335,313,400,0,0
11439372,335,307,387,0,0
11440308,344,324,403,0,0
11441244,343,312,390,0,0
11442184,347,308,396,0,0
11443112,348,313,396,0,0
11444048,347,316,396,0,0
11444984,344,316,399,0,0
11445920,348,319,391,0,0
11446852,342,310,388,0,0
11447788,344,313,399,0,0
11448724,343,305,398,0,0
11449660,327,295,395,0,0
11450592,342,323,406,0,0
11451528,336,312,391,0,0
11452464,339,313,396,0,0
11453396,343,312,393,0,0
11454332,344,312,396,0,0
11455268,344,310,399,0,0
11456204,342,310,390,0,0
11457140,347,315,403,0,0
11458072,368,323,397,0,0
11459008,366,318,399,0,0
11459944,361,316,393,0,0
11460880,353,316,391,0,0
11461812,327,311,399,0,0
11462748,327,307,397,0,0
11463688,327,311,393,0,0
11464620,317,304,395,0,0
11465552,333,306,395,0,0
11466488,337,315,391,0,0
11467424,349,315,403,0,0
11468360,352,315,404,0,0
11469292,358,322,384,0,0
11470228,352,334,398,0,0
11471164,321,310,387,0,0
11472100,319,312,391,0,0
11473032,318,304,392,0,0
11473968,329,302,395,0,0
11474904,340,307,387,0,0
11475840,356,314,401,0,0
11476772,350,314,401,0,0
11477708,353,319,404,0,0
11478644,355,316,385,0,0
11479580,350,318,396,0,0
11480512,348,312,406,0,0
11481448,359,307,387,0,0
11482384,391,327,405,0,0
11483320,382,319,398,0,0
11484252,371,314,396,0,0
11485196,360,315,403,0,0
11486124,369,310,393,0,0
11487060,365,310,404,0,0
11487992,364,319,376,0,0
11488928,365,327,391,0,0
11489864,331,318,414,0,0
11490800,312,303,385,0,0
11491732,295,297,399,0,0
11492668,307,316,390,0,0
11493604,335,309,397,0,0
11494540,356,319,391,0,0
11495472,327,317,396,0,0
11496408,313,316,390,0,0
11497344,323,306,401,0,0
11498280,338,305,382,0,0
11499212,329,316,399,0,0
11500148,304,304,379,0,0
11501084,326,307,393,0,0
11502020,342,310,402,0,0
11502952,346,313,379,0,0
11503888,351,316,398,0,0
11504824,339,308,386,0,0
11505760,326,308,398,0,0
11506700,316,303,384,0,0
11507628,332,311,375,0,0
11508564,327,319,414,0,0
11509500,327,323,376,0,0
11510432,322,321,409,0,0
11511368,321,300,384,0,0
11512304,323,307,396,0,0
11513240,344,309,390,0,0
11514172,337,313,398,0,0
11515108,335,306,380,0,0
11516044,334,304,386,0,0
11516980,334,315,391,0,0
11517912,326,303,378,0,0
11518848,344,323,415,0,0
11519784,337,323,408,0,0
11520720,340,312,395,0,0
11521652,341,310,393,0,0
11522588,347,316,399,0,0
11523524,342,316,396,0,0
11524460,351,316,399,0,0
11525392,352,307,388,0,0
11526328,356,309,384,0,0
11527264,360,315,397,0,0
11528204,364,319,391,0,0
11529132,363,318,403,0,0
11530068,353,321,398,0,0
11531004,332,310,385,0,0
11531940,325,310,384,0,0
11532872,323,310,395,0,0
11533808,321,305,390,0,0
11534744,324,312,398,0,0
11535680,335,315,395,0,0
11536612,345,319,402,0,0
11537548,337,310,377,0,0
11538484,341,305,377,0,0
11539416,335,323,420,0,0
11540352,334,299,388,0,0
11541288,326,308,397,0,0
11542224,333,309,387,0,0
11543160,335,307,389,0,0
11544092,332,310,396,0,0
11545028,333,306,388,0,0
11545964,337,313,396,0,0
11546900,339,313,395,0,0
11547832,339,316,403,0,0
11548768,332,304,380,0,0
11549708,335,310,390,0,0
11550640,335,308,391,0,0
11551572,343,317,398,0,0
11552508,340,316,399,0,0
11553444,340,313,393,0,0
11554380,347,319,404,0,0
11555312,347,316,397,0,0
11556248,344,317,395,0,0
11557184,342,314,402,0,0
11558120,334,303,377,0,0
11559052,329,310,420,0,0
11559988,333,297,398,0,0
11560924,337,310,392,0,0
11561856,345,319,406,0,0
11562792,344,316,396,0,0
11563728,335,307,387,0,0
11564664,335,308,393,0,0
11565600,344,315,389,0,0
11566532,347,315,399,0,0
11567468,339,312,399,0,0
11568404,334,295,371,0,0
11569340,344,312,390,0,0
11570272,339,308,376,0,0
11571216,343,314,399,0,0
11572144,349,312,388,0,0
11573080,348,314,396,0,0
11574012,345,308,395,0,0
11574948,352,319,408,0,0
11575884,356,315,391,0,0
11576820,355,319,409,0,0
11577752,356,319,387,0,0
11578688,359,323,411,0,0
11579624,359,318,399,0,0
11580560,358,321,391,0,0
11581492,347,313,393,0,0
11582428,325,303,403,0,0
11583364,328,313,399,0,0
11584300,327,315,399,0,0
11585232,333,312,399,0,0
11586168,338,313,395,0,0
11587104,342,313,396,0,0
11588040,327,302,379,0,0
11588972,322,299,411,0,0
11589908,334,302,399,0,0
11590844,345,313,392,0,0
11591780,348,313,401,0,0
11592720,359,318,403,0,0
11593648,363,312,397,0,0
11594584,371,314,395,0,0
11595520,379,327,414,0,0
11596452,367,312,395,0,0
11597388,361,312,396,0,0
11598324,377,312,384,0,0
11599260,392,327,409,0,0
11600192,371,311,390,0,0
11601128,366,319,396,0,0
11602064,366,316,396,0,0
11603000,355,312,403,0,0
11603932,332,312,392,0,0
11604868,340,316,393,0,0
11605804,347,308,387,0,0
11606740,333,311,384,0,0
11607672,335,305,396,0,0
11608608,353,316,404,0,0
11609544,331,300,399,0,0
11610480,326,307,396,0,0
11611412,334,319,401,0,0
11612348,352,312,398,0,0
11613284,353,312,396,0,0
11614224,403,331,399,0,0
11615152,396,329,409,0,0
11616088,359,332,404,0,0
11617024,315,310,408,0,0
11617960,297,304,387,0,0
11618892,325,297,375,0,0
11619828,312,322,406,0,0
11620764,299,307,383,0,0
11621700,289,289,377,0,0
11622632,295,296,387,0,0
11623568,312,303,384,0,0
11624504,340,310,388,0,0
11625440,359,306,390,0,0
11626372,364,324,396,0,0
11627308,364,327,400,0,0
11628244,331,310,419,0,0
11629180,318,319,403,0,0
11630112,327,319,417,0,0
11631048,352,311,387,0,0
11631984,340,312,390,0,0
11632920,330,305,391,0,0
11633852,355,308,391,0,0
11634788,374,324,384,0,0
11635728,372,324,395,0,0
11636656,363,323,401,0,0
11637592,346,295,388,0,0
11638528,380,332,403,0,0
11639464,361,295,409,0,0
11640400,367,323,403,0,0
11641332,396,330,389,0,0
11642268,391,317,390,0,0
11643204,359,326,401,0,0
11644140,350,326,387,0,0
11645072,353,309,382,0,0
11646008,337,307,396,0,0
11646944,335,306,388,0,0
11647880,359,316,375,0,0
11648812,359,303,372,0,0
11649748,344,312,391,0,0
11650684,327,310,397,0,0
11651620,304,301,386,0,0
11652552,297,303,385,0,0
11653488,313,297,396,0,0
11654424,324,304,380,0,0
11655360,347,321,388,0,0
11656292,345,313,390,0,0
11657236,312,291,396,0,0
11658164,295,302,399,0,0
11659100,337,319,414,0,0
11660032,352,304,408,0,0
11660968,348,318,399,0,0
11661904,335,315,380,0,0
11662840,339,316,396,0,0
11663772,360,322,397,0,0
11664708,324,312,411,0,0
11665644,329,312,391,0,0
11666580,327,304,391,0,0
11667512,359,323,406,0,0
11668448,380,323,398,0,0
11669384,398,318,388,0,0
11670320,351,307,401,0,0
11671252,356,304,387,0,0
11672188,339,312,403,0,0
11673124,344,314,387,0,0
11674060,310,313,406,0,0
11674992,294,287,380,0,0
11675928,339,319,390,0,0
11676864,310,297,390,0,0
11677800,286,319,387,0,0
11678740,287,291,388,0,0
11679668,302,303,391,0,0
11680604,317,312,380,0,0
11681540,344,302,383,0,0
11682472,327,307,391,0,0
11683408,304,316,384,0,0
11684344,297,297,391,0,0
11685280,313,304,396,0,0
11686212,334,312,391,0,0
11687148,342,319,403,0,0
11688084,324,307,388,0,0
11689020,347,314,376,0,0
11689952,344,307,379,0,0
11690888,363,312,397,0,0
11691824,379,324,403,0,0
11692760,377,318,396,0,0
11693692,387,324,401,0,0
11694628,391,332,406,0,0
11695564,384,313,387,0,0
11696500,392,327,401,0,0
11697432,384,316,393,0,0
11698368,383,315,393,0,0
11699304,369,326,390,0,0
11700244,359,313,393,0,0
11701172,339,315,385,0,0
11702108,322,304,409,0,0
11703044,337,312,382,0,0
11703980,326,297,390,0,0
11704912,329,311,385,0,0
11705848,307,312,391,0,0
11706784,289,307,385,0,0
11707720,319,304,398,0,0
11708652,353,333,372,0,0
11709588,333,307,412,0,0
11710524,342,317,387,0,0
11711456,344,312,386,0,0
11712392,353,317,391,0,0
11713328,344,316,391,0,0
11714264,319,311,403,0,0
11715200,296,295,397,0,0
11716132,299,300,391,0,0
11717068,308,304,385,0,0
11718004,335,304,406,0,0
11718940,382,327,414,0,0
11719872,391,331,408,0,0
11720808,399,333,412,0,0
11721748,361,326,407,0,0
11722680,344,304,388,0,0
11723612,369,312,401,0,0
11724548,361,312,412,0,0
11725484,325,321,387,0,0
11726420,327,303,388,0,0
11727352,316,310,395,0,0
11728288,295,305,385,0,0
11729224,344,308,375,0,0
11730160,343,319,401,0,0
11731092,337,319,403,0,0
11732028,324,311,385,0,0
11732964,318,307,393,0,0
11733900,323,304,390,0,0
11734832,332,313,391,0,0
11735768,339,312,401,0,0
11736704,355,304,391,0,0
11737640,355,312,384,0,0
11738572,359,319,396,0,0
11739508,347,319,398,0,0
11740444,335,312,404,0,0
11741380,335,307,388,0,0
11742312,343,305,392,0,0
11743252,354,319,398,0,0
11744184,348,311,387,0,0
11745120,359,313,391,0,0
11746052,366,319,403,0,0
11746988,378,317,382,0,0
11747924,367,323,408,0,0
11748860,344,313,408,0,0
11749792,319,304,380,0,0
11750728,340,305,382,0,0
11751664,344,303,395,0,0
11752600,339,310,391,0,0
11753532,367,325,391,0,0
11754468,358,316,408,0,0
11755404,331,319,402,0,0
11756340,316,300,390,0,0
11757272,347,309,374,0,0
11758208,359,314,411,0,0
11759144,347,318,384,0,0
11760080,324,317,387,0,0
11761012,319,305,399,0,0
11761948,310,296,401,0,0
11762884,329,299,391,0,0
11763820,372,314,385,0,0
11764756,366,321,398,0,0
11765688,355,308,385,0,0
11766624,361,334,393,0,0
11767560,344,304,401,0,0
11768492,308,286,385,0,0
11769428,363,319,387,0,0
11770364,370,318,403,0,0
11771300,344,316,385,0,0
11772232,348,307,377,0,0
11773168,348,305,387,0,0
11774104,333,313,384,0,0
11775040,304,306,396,0,0
11775972,316,312,393,0,0
11776908,319,307,403,0,0
11777844,342,312,406,0,0
11778780,357,312,406,0,0
11779712,384,335,404,0,0
11780648,377,319,398,0,0
11781584,359,316,391,0,0
11782520,333,312,395,0,0
11783452,335,311,396,0,0
11784388,343,307,394,0,0
11785324,355,310,399,0,0
11786260,359,319,401,0,0
11787192,351,312,392,0,0
11788128,344,323,365,0,0
11789064,329,312,385,0,0
11790000,326,312,398,0,0
11790932,318,313,381,0,0
11791868,319,305,397,0,0
11792804,331,313,391,0,0
11793740,335,312,406,0,0
11794672,327,319,396,0,0
11795608,348,312,390,0,0
11796544,374,315,376,0,0
11797480,381,323,393,0,0
11798412,356,318,396,0,0
11799348,335,313,401,0,0
11800284,329,319,390,0,0
11801220,345,307,391,0,0
11802152,372,323,385,0,0
11803088,359,318,392,0,0
11804024,352,319,400,0,0
11804960,359,313,406,0,0
11805892,355,307,388,0,0
11806828,344,300,396,0,0
11807764,327,317,399,0,0
11808700,307,310,391,0,0
11809632,288,303,393,0,0
11810568,299,295,388,0,0
11811504,307,303,393,0,0
11812440,345,312,384,0,0
11813372,352,321,408,0,0
11814308,347,323,391,0,0
11815244,334,312,399,0,0
11816180,328,310,396,0,0
11817112,311,299,400,0,0
11818048,331,302,399,0,0
11818984,366,319,388,0,0
11819916,362,323,401,0,0
11820852,359,329,390,0,0
11821788,365,319,409,0,0
11822724,369,312,391,0,0
11823660,355,315,385,0,0
11824592,356,319,390,0,0
11825528,355,312,401,0,0
11826464,355,321,388,0,0
11827400,349,319,383,0,0
11828332,332,299,401,0,0
11829268,301,297,414,0,0
11830204,321,316,380,0,0
11831140,337,308,399,0,0
11832072,345,312,403,0,0
11833008,376,315,398,0,0
11833944,386,319,401,0,0
11834880,364,322,396,0,0
11835812,344,313,391,0,0
11836748,336,310,381,0,0
11837684,316,312,414,0,0
11838620,282,291,430,0,0
11839552,308,309,419,0,0
11840488,324,316,401,0,0
11841424,318,308,393,0,0
11842360,345,313,403,0,0
11843292,352,321,400,0,0
11844228,332,316,392,0,0
11845164,311,305,401,0,0
11846100,332,312,391,0,0
11847032,332,308,397,0,0
11847968,323,303,397,0,0
11848904,328,301,399,0,0
11849840,352,313,390,0,0
11850772,355,319,387,0,0
11851708,347,317,391,0,0
11852644,359,312,406,0,0
11853580,357,312,399,0,0
11854512,355,312,391,0,0
11855448,358,316,390,0,0
11856384,344,317,389,0,0
11857320,348,319,406,0,0
11858252,329,319,393,0,0
11859188,316,305,391,0,0
11860124,327,310,390,0,0
11861060,329,311,404,0,0
11861992,323,308,406,0,0
11862928,340,315,389,0,0
11863864,359,312,396,0,0
11865732,344,314,391,0,0
11866668,342,312,403,0,0
11867604,344,308,380,0,0
11868540,330,307,393,0,0
11869472,337,319,396,0,0
11870408,322,293,396,0,0
11871344,327,312,403,0,0
11872280,335,318,406,0,0
11873212,323,308,403,0,0
11874148,339,310,403,0,0
11875084,353,311,391,0,0
11876020,363,323,394,0,0
11876952,358,318,396,0,0
11877888,338,313,398,0,0
11878824,310,316,420,0,0
11879760,316,311,404,0,0
11880692,324,311,398,0,0
11881628,336,313,396,0,0
11882564,344,312,391,0,0
11883500,344,308,393,0,0
11884432,368,319,387,0,0
11885368,391,318,383,0,0
11886304,398,324,395,0,0
11887240,390,329,403,0,0
11888172,381,327,380,0,0
11889108,326,312,398,0,0
11890044,308,303,418,0,0
11890980,327,300,404,0,0
11891912,335,301,396,0,0
11892848,352,321,385,0,0
11893784,356,310,396,0,0
11894720,327,316,398,0,0
11895652,319,308,387,0,0
11896588,315,303,394,0,0
11897524,326,318,398,0,0
11898460,339,323,399,0,0
11899392,334,305,398,0,0
11900328,344,312,407,0,0
11901264,337,307,383,0,0
11902200,342,312,403,0,0
11903132,342,316,391,0,0
11904068,337,312,390,0,0
11905004,326,317,385,0,0
11905940,312,304,382,0,0
11906872,316,297,391,0,0
11907808,316,300,396,0,0
11908744,327,312,403,0,0
11909680,327,312,388,0,0
11910612,335,310,391,0,0
11911548,344,313,387,0,0
11912484,344,312,400,0,0
11913420,350,314,395,0,0
11914352,348,308,396,0,0
11915288,344,316,391,0,0
11916224,321,312,396,0,0
11917160,319,307,395,0,0
11918092,335,319,380,0,0
11919028,327,305,391,0,0
11919964,345,312,376,0,0
11920900,329,314,393,0,0
11921832,337,313,394,0,0
11922768,339,310,394,0,0
11923704,347,315,388,0,0
11924640,343,309,385,0,0
11925572,342,316,391,0,0
11926508,345,310,390,0,0
11927444,337,310,399,0,0
11928380,340,299,384,0,0
11929312,352,319,402,0,0
11931184,345,319,395,0,0
11932120,347,321,401,0,0
11933052,344,316,403,0,0
11933988,344,315,395,0,0
11934924,344,319,384,0,0
11935860,337,316,395,0,0
11936792,335,310,396,0,0
11937728,328,306,384,0,0
11938664,323,319,409,0,0
11939600,326,319,408,0,0
11940532,334,317,399,0,0
11941468,331,312,387,0,0
11942404,337,312,387,0,0
11943340,340,310,398,0,0
11944272,339,313,382,0,0
11945208,339,308,397,0,0
11946144,335,306,399,0,0
11947080,335,315,385,0,0
11948012,339,313,390,0,0
11948948,348,308,391,0,0
11949884,342,302,398,0,0
11950820,343,310,387,0,0
11951752,336,310,396,0,0
11952688,341,312,388,0,0
11953624,341,315,396,0,0
11954560,335,307,385,0,0
11955492,348,319,407,0,0
11956428,336,308,391,0,0
11957364,339,309,400,0,0
11958300,343,313,391,0,0
11959232,339,305,391,0,0
11960168,339,312,396,0,0
11961104,344,310,385,0,0
11962040,346,308,391,0,0
11962972,345,315,396,0,0
11963908,339,308,391,0,0
11964844,348,310,393,0,0
11965780,344,308,395,0,0
11966712,352,315,393,0,0
11967648,352,307,399,0,0
11968584,361,319,390,0,0
11969520,384,322,396,0,0
11970452,391,319,399,0,0
11971388,397,323,399,0,0
11972324,391,317,395,0,0
11973260,391,314,401,0,0
11974192,398,319,391,0,0
11975128,390,334,388,0,0
11976064,363,312,390,0,0
11977000,344,316,393,0,0
11977932,339,311,395,0,0
11978868,335,318,412,0,0
11979804,332,305,395,0,0
11980736,322,302,401,0,0
11981672,331,323,388,0,0
11982608,329,308,399,0,0
11983544,345,319,391,0,0
11984480,344,318,387,0,0
11985412,330,305,396,0,0
11986348,367,315,392,0,0
11987284,385,326,391,0,0
11988220,363,335,419,0,0
11989152,337,303,396,0,0
11990088,304,311,399,0,0
11991024,293,286,386,0,0
11991956,310,304,387,0,0
11992892,334,307,404,0,0
11993828,359,319,380,0,0
11994764,363,321,396,0,0
11996632,302,302,400,0,0
11997568,285,294,386,0,0
11998504,286,289,391,0,0
11999440,344,327,384,0,0
12000372,361,331,388,0,0
12001308,355,327,390,0,0
12002244,342,307,391,0,0
12003180,326,311,395,0,0
12004112,329,300,383,0,0
12005048,355,314,401,0,0
12005984,381,315,382,0,0
12006920,381,325,399,0,0
12007852,371,319,395,0,0
12008788,360,312,387,0,0
12009724,372,323,391,0,0
12010660,366,311,396,0,0
12011592,344,305,399,0,0
12012528,343,316,391,0,0
12013464,343,309,381,0,0
12014400,377,309,396,0,0
12015332,377,329,408,0,0
12016268,335,312,391,0,0
12017204,327,308,379,0,0
12018140,349,318,380,0,0
12019072,347,311,403,0,0
12020008,372,310,393,0,0
12020944,376,314,391,0,0
12021880,355,323,387,0,0
12022812,326,312,399,0,0
12023748,321,296,380,0,0
12024684,355,313,388,0,0
12025620,351,307,400,0,0
12026552,338,329,398,0,0
12027488,310,314,388,0,0
12028424,275,300,407,0,0
12029360,307,291,391,0,0
12030292,307,303,393,0,0
12031228,298,310,400,0,0
12032164,318,319,401,0,0
12033100,327,311,415,0,0
12034032,331,319,387,0,0
12034968,327,312,399,0,0
12035904,305,299,388,0,0
12036840,316,307,399,0,0
12037772,318,308,408,0,0
12038708,324,312,395,0,0
12039644,346,316,425,0,0
12040580,377,326,402,0,0
12041512,371,316,388,0,0
12042448,355,312,401,0,0
12043384,340,318,399,0,0
12044320,329,315,389,0,0
12045252,304,295,391,0,0
12046188,316,300,391,0,0
12047124,368,318,394,0,0
12048060,371,324,409,0,0
12048992,335,323,398,0,0
12049928,319,297,399,0,0
12050864,335,302,396,0,0
12051800,343,313,395,0,0
12052732,364,317,387,0,0
12053668,361,321,391,0,0
12054604,344,319,398,0,0
12055536,377,316,396,0,0
12056472,391,321,384,0,0
12057408,366,322,385,0,0
12058344,328,312,382,0,0
12059280,327,305,382,0,0
12060212,350,312,392,0,0
12061148,351,308,388,0,0
12062084,348,318,384,0,0
12063020,350,313,401,0,0
12063952,327,324,399,0,0
12064888,309,307,396,0,0
12065824,335,304,403,0,0
12066760,339,311,396,0,0
12067692,305,297,385,0,0
12068628,312,305,403,0,0
12069564,319,305,398,0,0
12070500,339,323,399,0,0
12071432,359,319,384,0,0
12072368,329,310,393,0,0
12073304,316,304,389,0,0
12074240,319,312,393,0,0
12075172,303,312,399,0,0
12076108,308,298,391,0,0
12077044,323,312,390,0,0
12077980,316,307,399,0,0
12078912,310,299,408,0,0
12079848,335,308,395,0,0
12080784,335,312,386,0,0
12081720,342,312,396,0,0
12082652,353,310,387,0,0
12083588,351,312,387,0,0
12084524,352,316,399,0,0
12085460,351,317,391,0,0
12086392,355,303,396,0,0
12087328,367,312,399,0,0
12088264,391,344,408,0,0
12089200,385,330,409,0,0
12090132,368,316,389,0,0
12091068,393,327,396,0,0
12092004,383,323,405,0,0
12092940,359,323,399,0,0
12093872,326,311,396,0,0
12094808,304,295,384,0,0
12095744,341,311,396,0,0
12096680,363,317,396,0,0
12097612,337,329,403,0,0
12098548,284,316,406,0,0
12099484,299,307,374,0,0
12100420,321,305,399,0,0
12101352,335,304,399,0,0
12102288,333,305,390,0,0
12103224,356,317,396,0,0
12104160,364,318,398,0,0
12105092,368,316,393,0,0
12106028,387,323,391,0,0
12106964,364,316,401,0,0
12107900,331,313,408,0,0
12108832,310,291,391,0,0
12109768,323,308,399,0,0
12110704,316,297,398,0,0
12111640,332,312,380,0,0
12112572,344,315,399,0,0
12113508,348,324,406,0,0
12114444,335,305,388,0,0
12115380,343,313,396,0,0
12116312,337,319,404,0,0
12117248,333,313,399,0,0
12118184,344,313,408,0,0
12119120,364,310,398,0,0
12120052,364,304,384,0,0
12120988,387,326,390,0,0
12121924,385,323,398,0,0
12122860,384,319,396,0,0
12123792,399,321,394,0,0
12124728,402,326,408,0,0
12125664,387,332,399,0,0
12126600,335,316,387,0,0
12127532,307,307,393,0,0
12128468,323,308,418,0,0
12129404,344,316,396,0,0
12130340,377,333,399,0,0
12131272,339,305,401,0,0
12132208,321,312,387,0,0
12133144,334,300,391,0,0
12134080,326,307,408,0,0
12135012,299,295,400,0,0
12135948,328,310,380,0,0
12136884,327,305,390,0,0
12137820,319,319,398,0,0
12138752,336,303,376,0,0
12139688,331,302,388,0,0
12140624,348,316,395,0,0
12141560,353,313,391,0,0
12142492,375,327,387,0,0
12143428,381,324,403,0,0
12144364,365,316,399,0,0
12145300,354,313,393,0,0
12146232,344,302,391,0,0
12147168,345,318,393,0,0
12148104,326,318,401,0,0
12149040,318,299,380,0,0
12149972,342,312,417,0,0
12150908,352,312,401,0,0
12151844,337,321,403,0,0
12152780,334,318,380,0,0
12153712,340,304,417,0,0
12154648,360,330,377,0,0
12155584,353,312,393,0,0
12156520,327,307,391,0,0
12157452,327,300,388,0,0
12158388,333,307,403,0,0
12159324,335,316,394,0,0
12160260,329,307,399,0,0
12161192,323,304,372,0,0
12162128,319,307,396,0,0
12163064,314,305,391,0,0
12164000,330,312,384,0,0
12164932,317,300,391,0,0
12165868,319,307,395,0,0
12166804,327,312,396,0,0
12167740,332,302,399,0,0
12168672,334,312,401,0,0
12169608,351,318,390,0,0
12170544,343,305,388,0,0
12171480,358,305,396,0,0
12172412,377,318,391,0,0
12173348,389,323,387,0,0
12174284,381,324,393,0,0
12175220,359,319,408,0,0
12176152,353,323,396,0,0
12177088,350,315,388,0,0
12178024,337,315,408,0,0
12178960,334,316,379,0,0
12179892,319,296,408,0,0
12180828,327,316,391,0,0
12181764,339,321,391,0,0
12182700,343,305,391,0,0
12183632,340,315,391,0,0
12184568,348,325,393,0,0
12185504,326,296,399,0,0
12186440,354,313,395,0,0
12187372,376,319,382,0,0
12188308,339,308,379,0,0
12189244,303,304,379,0,0
12190180,321,300,387,0,0
12191112,352,312,390,0,0
12192048,351,327,387,0,0
12192984,344,311,399,0,0
12193920,358,318,381,0,0
12194852,361,318,401,0,0
12195788,368,329,391,0,0
12196724,332,307,391,0,0
12197660,299,303,394,0,0
12198592,321,291,387,0,0
12199528,350,315,394,0,0
12200464,337,313,403,0,0
12201400,318,312,391,0,0
12202332,335,312,390,0,0
12203268,331,307,389,0,0
12204204,327,307,399,0,0
12205140,337,307,387,0,0
12206072,319,308,399,0,0
12207008,307,305,384,0,0
12207944,315,295,383,0,0
12208880,334,312,387,0,0
12209812,342,304,397,0,0
12210748,344,323,384,0,0
12211684,337,316,391,0,0
12212620,327,311,400,0,0
12213552,334,302,387,0,0
12214488,329,312,393,0,0
12215424,346,313,399,0,0
12216360,344,313,394,0,0
12217292,339,316,399,0,0
12218228,315,291,371,0,0
12219164,324,307,384,0,0
12220100,335,307,382,0,0
12221032,326,302,403,0,0
12221968,327,305,391,0,0
12222904,339,312,393,0,0
12223840,366,318,402,0,0
12224772,368,323,403,0,0
12225708,367,314,387,0,0
12226644,363,313,403,0,0
12227580,387,326,396,0,0
12228512,384,321,387,0,0
12229448,351,323,385,0,0
12230384,366,318,404,0,0
12231320,411,332,401,0,0
12232252,417,335,396,0,0
12233188,388,323,396,0,0
12234124,359,315,391,0,0
12235060,327,312,391,0,0
12235992,313,297,396,0,0
12236928,314,305,382,0,0
12237864,315,304,380,0,0
12238800,297,315,403,0,0
12239732,284,300,387,0,0
12240668,307,303,395,0,0
12241604,319,301,391,0,0
12242540,312,307,387,0,0
12243472,307,311,391,0,0
12244408,319,308,387,0,0
12245344,319,300,391,0,0
12246280,323,304,382,0,0
12247212,331,299,399,0,0
12248148,352,307,393,0,0
12249084,350,300,407,0,0
12250020,359,322,392,0,0
12250952,364,323,398,0,0
12251888,374,321,382,0,0
12252824,350,311,399,0,0
12253760,332,315,398,0,0
12254692,335,303,384,0,0
12255628,334,309,395,0,0
12256564,313,308,393,0,0
12257500,304,304,395,0,0
12258432,323,299,398,0,0
12259368,318,302,382,0,0
12260304,327,306,393,0,0
12261240,340,313,391,0,0
12262172,355,319,391,0,0
12263108,368,321,400,0,0
12264044,348,315,399,0,0
12264980,331,311,391,0,0
12265912,329,307,401,0,0
12266848,324,307,396,0,0
12267784,335,307,368,0,0
12268720,345,318,379,0,0
12269652,358,312,391,0,0
12270588,350,312,400,0,0
12271524,352,312,387,0,0
12272460,364,316,387,0,0
12273392,359,311,396,0,0
12274328,350,320,396,0,0
12275264,335,307,388,0,0
12276200,344,305,390,0,0
12277132,353,316,398,0,0
12278068,345,313,391,0,0
12279004,339,313,387,0,0
12279940,318,315,391,0,0
12280872,323,315,396,0,0
12281808,327,308,399,0,0
12282744,334,305,380,0,0
12283680,342,307,391,0,0
12284612,347,318,400,0,0
12285548,350,311,393,0,0
12286484,339,305,390,0,0
12287420,338,319,390,0,0
12288352,339,301,372,0,0
12289288,344,318,404,0,0
12290224,348,313,393,0,0
12291160,337,316,387,0,0
12292092,331,313,395,0,0
12293028,334,318,395,0,0
12293964,335,308,388,0,0
12294900,342,316,396,0,0
12295832,327,312,403,0,0
12296768,335,313,390,0,0
12297704,335,310,403,0,0
12298640,322,300,388,0,0
12299572,328,304,385,0,0
12300508,345,316,387,0,0
12301444,356,318,391,0,0
12302380,337,318,396,0,0
12303312,323,312,392,0,0
12304248,322,307,396,0,0
12305184,343,316,401,0,0
12306120,356,316,391,0,0
12307052,360,313,393,0,0
12307988,358,320,385,0,0
12308924,350,307,401,0,0
12309860,337,317,391,0,0
12310792,355,316,384,0,0
12311728,375,310,397,0,0
12312664,372,324,393,0,0
12313600,355,327,391,0,0
12314532,339,312,396,0,0
12315468,327,311,384,0,0
12316404,315,304,387,0,0
12317340,310,305,401,0,0
12318272,308,313,403,0,0
12319208,310,307,387,0,0
12320144,318,303,396,0,0
12321080,323,304,384,0,0
12322012,325,307,396,0,0
12322948,335,305,393,0,0
12323884,344,316,395,0,0
12324820,345,318,388,0,0
12325752,339,307,391,0,0
12326688,341,316,387,0,0
12327624,347,315,388,0,0
12328560,345,307,379,0,0
12329492,350,318,408,0,0
12330428,364,321,390,0,0
12331364,353,310,401,0,0
12332300,366,323,406,0,0
12333232,356,316,391,0,0
12334168,361,318,396,0,0
12335108,356,315,388,0,0
12336040,337,314,387,0,0
12336972,342,311,399,0,0
12337908,344,313,398,0,0
12338844,319,312,403,0,0
12339780,318,294,374,0,0
12340712,318,305,396,0,0
12341648,331,308,382,0,0
12342584,339,313,394,0,0
12343520,337,308,393,0,0
12344452,335,312,398,0,0
12345388,339,310,399,0,0
12346324,355,316,394,0,0
12347260,350,315,403,0,0
12348192,335,316,395,0,0
12349128,324,301,415,0,0
12350064,339,311,398,0,0
12351000,339,311,395,0,0
12351932,349,310,388,0,0
12352868,343,316,406,0,0
12353804,335,316,396,0,0
12354740,327,308,385,0,0
12355672,334,310,391,0,0
12356616,329,305,391,0,0
12357544,338,319,385,0,0
12358480,344,319,384,0,0
12359412,344,308,393,0,0
12360348,348,310,390,0,0
12361284,344,315,398,0,0
12362220,345,316,391,0,0
12363152,358,318,396,0,0
12364088,355,309,395,0,0
12365024,352,316,399,0,0
12365960,369,319,384,0,0
12366892,358,313,408,0,0
12367828,344,321,384,0,0
12368764,321,304,393,0,0
12369700,306,316,380,0,0
12370632,305,304,395,0,0
12371568,311,305,391,0,0
12372504,322,310,391,0,0
12373440,329,312,391,0,0
12374372,331,315,398,0,0
12375308,339,314,396,0,0
12376244,337,316,399,0,0
12377180,344,313,385,0,0
12378120,340,295,376,0,0
12379048,345,304,403,0,0
12379984,344,315,398,0,0
12380920,343,312,403,0,0
12381852,346,316,397,0,0
12382788,344,312,401,0,0
12383724,348,319,398,0,0
12384660,353,317,392,0,0
12385592,366,319,396,0,0
12386528,372,315,393,0,0
12387464,384,319,407,0,0
12388400,391,308,380,0,0
12389332,412,316,390,0,0
12390268,371,327,393,0,0
12391204,335,319,398,0,0
12392140,327,311,396,0,0
12393072,344,316,399,0,0
12394008,352,313,399,0,0
12394944,327,304,382,0,0
12395880,329,312,391,0,0
12396812,340,308,399,0,0
12397748,326,312,398,0,0
12398684,323,307,387,0,0
12399624,329,324,396,0,0
12400552,316,301,396,0,0
12401488,329,308,389,0,0
12402424,350,309,399,0,0
12403360,353,318,393,0,0
12404292,332,307,398,0,0
12405228,348,319,403,0,0
12406164,359,312,403,0,0
12407100,366,318,387,0,0
12408032,363,319,392,0,0
12408968,359,316,403,0,0
12409904,335,310,391,0,0
12410836,323,306,391,0,0
12411772,319,300,403,0,0
12412708,361,315,384,0,0
12413644,385,326,390,0,0
12414580,380,317,401,0,0
12415512,364,324,390,0,0
12416448,332,311,387,0,0
12417384,305,297,396,0,0
12418320,300,303,393,0,0
12419252,304,299,390,0,0
12420188,318,314,391,0,0
12421128,317,304,384,0,0
12422060,319,310,397,0,0
12422992,327,307,399,0,0
12423928,348,316,393,0,0
12424864,350,316,387,0,0
12425800,352,316,391,0,0
12426732,344,312,404,0,0
12427668,349,302,382,0,0
12428604,363,318,376,0,0
12429540,363,327,383,0,0
12430472,371,318,391,0,0
12431408,363,313,399,0,0
12432344,348,317,390,0,0
12433280,341,312,391,0,0
12434212,321,304,387,0,0
12435148,313,300,390,0,0
12436084,322,311,399,0,0
12437020,331,307,399,0,0
12437952,339,321,408,0,0
12438888,337,316,401,0,0
12439824,336,311,398,0,0
12440760,347,318,393,0,0
12441692,344,313,395,0,0
12442636,343,318,398,0,0
12443564,334,312,399,0,0
12444500,335,312,388,0,0
12445432,333,307,391,0,0
12446368,337,313,397,0,0
12447304,340,316,391,0,0
12448240,326,303,390,0,0
12449172,319,302,380,0,0
12450108,315,307,399,0,0
12451044,323,308,395,0,0
12451980,327,312,400,0,0
12452912,338,316,398,0,0
12453848,335,313,396,0,0
12454784,344,312,391,0,0
12455720,339,310,390,0,0
12456652,335,306,388,0,0
12457588,332,308,385,0,0
12458524,341,313,406,0,0
12459460,335,305,391,0,0
12460392,339,313,391,0,0
12461328,339,310,399,0,0
12462264,338,312,396,0,0
12463200,343,313,399,0,0
12464140,343,316,391,0,0
12465068,339,313,399,0,0
12466004,340,310,398,0,0
12466940,335,307,396,0,0
12467872,337,303,405,0,0
12468808,344,318,391,0,0
12469744,339,315,398,0,0
12470680,344,311,396,0,0
12471612,342,316,402,0,0
12472548,344,313,387,0,0
12473484,343,315,389,0,0
12474420,339,310,388,0,0
12475352,340,311,391,0,0
12476288,340,311,399,0,0
12477224,342,312,388,0,0
12478160,348,307,392,0,0
12479092,337,312,393,0,0
12480028,339,310,391,0,0
12480964,335,305,385,0,0
12481900,344,312,395,0,0
12482832,340,312,401,0,0
12483768,339,313,393,0,0
12484704,343,316,388,0,0
12485644,344,319,408,0,0
12486572,344,317,408,0,0
12487508,337,312,393,0,0
12488444,348,318,408,0,0
12489380,345,319,408,0,0
12490312,344,310,398,0,0
12491248,340,316,400,0,0
12492184,344,310,398,0,0
12493120,343,312,393,0,0
12494052,337,308,388,0,0
12494988,337,313,398,0,0
12495924,347,315,391,0,0
12496856,341,317,391,0,0
12497792,353,317,382,0,0
12498728,344,312,377,0,0
12499664,347,310,391,0,0
12500600,343,308,390,0,0
12501532,339,314,400,0,0
12502468,339,313,395,0,0
12503404,339,312,396,0,0
12504340,337,304,384,0,0
12505272,337,304,384,0,0
12506208,348,313,398,0,0
12507148,339,311,401,0,0
12508080,345,319,399,0,0
12509012,344,307,391,0,0
12509948,345,316,399,0,0
12510884,345,316,402,0,0
12511820,347,312,396,0,0
12512752,343,308,399,0,0
12513688,347,318,399,0,0
12514624,339,312,396,0,0
12515560,348,312,399,0,0
12516492,353,316,399,0,0
12517428,359,322,397,0,0
12518364,359,316,404,0,0
12519296,363,315,404,0,0
12520232,377,315,398,0,0
12521168,390,334,404,0,0
12522104,363,316,383,0,0
12523040,334,315,401,0,0
12523972,324,302,384,0,0
12524908,337,311,393,0,0
12525844,337,316,400,0,0
12526780,355,323,398,0,0
12527712,376,331,398,0,0
12528656,339,316,398,0,0
12529584,344,313,401,0,0
12530520,361,313,400,0,0
12531452,376,318,404,0,0
12532388,379,327,404,0,0
12533324,374,327,398,0,0
12534260,351,315,391,0,0
12535192,319,304,399,0,0
12536128,311,304,396,0,0
12537064,332,312,385,0,0
12538000,352,323,409,0,0
12538932,339,324,415,0,0
12539868,322,304,393,0,0
12540804,330,306,390,0,0
12541740,336,316,387,0,0
12542672,335,304,399,0,0
12543608,319,309,397,0,0
12544544,316,312,384,0,0
12545480,319,312,399,0,0
12546412,318,307,401,0,0
12547348,319,311,391,0,0
12548284,319,307,393,0,0
12549220,347,315,379,0,0
12550160,352,310,400,0,0
12551088,353,316,390,0,0
12552024,350,319,403,0,0
12552960,337,313,391,0,0
12553892,344,313,403,0,0
12554828,359,313,408,0,0
12555764,371,322,390,0,0
12556700,379,324,385,0,0
12557632,359,310,393,0,0
12558568,364,323,376,0,0
12559504,339,313,387,0,0
12560440,327,313,397,0,0
12561372,344,312,384,0,0
12562308,345,312,403,0,0
12563244,339,306,393,0,0
12564180,337,309,399,0,0
12565112,339,310,391,0,0
12566048,359,319,398,0,0
12566984,372,326,396,0,0
12567920,398,346,386,0,0
12568852,355,323,428,0,0
12569788,334,307,396,0,0
12570724,329,302,385,0,0
12571664,326,313,388,0,0
12572592,321,307,396,0,0
12573528,344,313,393,0,0
12574464,339,317,390,0,0
12575400,326,312,388,0,0
12576332,327,298,387,0,0
12577268,349,312,396,0,0
12578204,348,319,403,0,0
12579140,329,316,399,0,0
12580072,335,319,399,0,0
12581008,327,310,398,0,0
12581944,321,302,401,0,0
12582880,351,312,388,0,0
12583812,369,318,391,0,0
12584748,358,320,387,0,0
12586620,318,307,395,0,0
12587552,316,312,403,0,0
12588488,331,302,376,0,0
12589424,308,294,403,0,0
12590360,352,310,396,0,0
12591292,369,319,391,0,0
12592228,356,327,393,0,0
12593168,334,305,385,0,0
12594100,327,308,396,0,0
12595032,327,307,396,0,0
12595968,317,303,385,0,0
12596904,316,300,395,0,0
12597840,319,304,403,0,0
12598772,326,299,379,0,0
12599708,326,316,408,0,0
12600644,342,307,388,0,0
12601580,339,307,393,0,0
12602512,339,313,393,0,0
12603448,344,307,396,0,0
12604384,339,312,382,0,0
12605316,337,313,380,0,0
12606252,342,313,385,0,0
12607188,343,315,402,0,0
12608124,342,315,403,0,0
12609060,335,312,396,0,0
12609992,334,305,400,0,0
12610928,345,312,391,0,0
12611864,352,312,402,0,0
12612800,358,312,384,0,0
12613732,366,319,383,0,0
12614676,364,321,406,0,0
12615604,357,317,400,0,0
12616540,359,321,408,0,0
12617472,342,303,391,0,0
12618408,327,319,388,0,0
12619344,319,310,385,0,0
12620280,319,302,391,0,0
12621212,316,302,391,0,0
12622148,323,308,392,0,0
12623084,331,313,391,0,0
12624020,334,309,393,0,0
12624952,337,315,389,0,0
12625888,339,315,395,0,0
12626824,343,311,391,0,0
12627760,353,324,381,0,0
12628692,348,307,393,0,0
12629628,342,316,398,0,0
12630564,345,311,399,0,0
12631500,344,312,391,0,0
12632432,345,310,388,0,0
12633368,345,311,391,0,0
12634304,343,313,400,0,0
12635240,348,310,395,0,0
12636180,347,319,397,0,0
12637108,341,316,399,0,0
12638044,339,312,387,0,0
12638980,333,317,407,0,0
12639912,343,312,391,0,0
12640848,348,317,389,0,0
12641784,348,315,403,0,0
12642720,351,315,391,0,0
12643652,352,312,391,0,0
12644588,355,316,395,0,0
12645524,359,312,387,0,0
12646460,371,323,402,0,0
12647392,370,319,402,0,0
12648328,359,318,390,0,0
12649264,349,313,409,0,0
12650200,344,312,401,0,0
12652068,334,308,387,0,0
12653004,325,307,391,0,0
12653940,319,312,396,0,0
12654872,321,312,409,0,0
12655808,320,310,393,0,0
12656744,329,310,400,0,0
12657684,331,315,388,0,0
12658612,335,312,386,0,0
12659548,343,307,390,0,0
12660484,340,313,396,0,0
12661420,345,312,382,0,0
12662352,349,313,395,0,0
12663288,364,319,396,0,0
12664224,358,315,399,0,0
12665160,352,311,387,0,0
12666092,344,312,398,0,0
12667028,347,316,404,0,0
12667964,361,319,403,0,0
12668896,357,311,387,0,0
12669832,355,316,395,0,0
12670768,359,318,393,0,0
12671704,344,306,397,0,0
12672640,331,307,398,0,0
12673572,327,299,382,0,0
12674508,335,308,403,0,0
12675444,339,316,396,0,0
12676380,353,311,388,0,0
12677312,368,313,404,0,0
12678248,361,317,391,0,0
12679188,352,311,385,0,0
12680120,369,323,403,0,0
12681052,376,319,384,0,0
12681988,367,327,386,0,0
12682924,345,318,396,0,0
12683860,335,313,398,0,0
12684792,332,305,396,0,0
12685728,332,319,384,0,0
12686664,347,310,397,0,0
12687600,350,309,388,0,0
12688532,337,332,408,0,0
12689468,326,313,391,0,0
12690404,312,297,388,0,0
12691340,307,295,389,0,0
12692272,324,303,390,0,0
12693208,352,312,403,0,0
12694144,383,319,391,0,0
12695080,371,324,399,0,0
12696012,359,319,399,0,0
12696948,344,310,391,0,0
12697884,352,319,390,0,0
12698820,337,307,403,0,0
12699752,332,314,387,0,0
12700692,347,308,391,0,0
12701624,344,310,399,0,0
12702560,344,307,389,0,0
12703492,349,323,391,0,0
12704428,365,323,394,0,0
12705364,355,312,396,0,0
12706300,348,315,380,0,0
12707232,343,317,379,0,0
12708168,344,308,399,0,0
12709104,345,313,391,0,0
12710040,361,313,388,0,0
12710972,376,329,395,0,0
12711908,376,327,391,0,0
12712844,347,318,395,0,0
12713780,342,313,398,0,0
12714712,322,292,399,0,0
12715648,320,313,390,0,0
12717520,345,316,390,0,0
12718452,342,312,388,0,0
12719388,319,303,395,0,0
12720324,340,312,397,0,0
12721260,334,307,384,0,0
12722196,331,316,403,0,0
12723128,332,312,391,0,0
12724064,339,311,397,0,0
12725000,333,311,395,0,0
12725932,344,321,391,0,0
12726868,344,303,394,0,0
12727804,351,304,387,0,0
12728740,371,331,391,0,0
12729672,359,323,399,0,0
12730608,339,303,398,0,0
12731544,354,313,395,0,0
12732480,354,319,391,0,0
12733412,327,313,391,0,0
12734348,316,302,399,0,0
12735284,335,301,396,0,0
12736220,363,323,396,0,0
12737152,350,319,389,0,0
12738088,334,321,404,0,0
12739024,311,300,385,0,0
12739960,327,304,396,0,0
12740892,344,305,391,0,0
12741828,369,324,398,0,0
12742764,344,313,391,0,0
12743700,332,308,403,0,0
12744632,316,303,397,0,0
12745568,319,299,391,0,0
12746504,333,312,396,0,0
12747440,334,304,384,0,0
12748372,343,321,395,0,0
12749308,326,302,379,0,0
12750244,315,304,387,0,0
12751180,323,308,382,0,0
12752112,339,307,395,0,0
12753048,348,312,399,0,0
12753984,368,313,392,0,0
12754916,364,318,391,0,0
12755852,344,312,395,0,0
12756788,342,307,384,0,0
12757724,353,319,399,0,0
12758660,364,312,372,0,0
12759592,349,318,399,0,0
12760528,342,313,384,0,0
12761464,355,310,390,0,0
12762400,352,311,401,0,0
12763332,356,318,397,0,0
12764268,350,307,396,0,0
12765204,353,318,399,0,0
12766140,351,327,396,0,0
12767072,339,310,398,0,0
12768008,332,316,390,0,0
12768944,313,295,399,0,0
12769880,307,306,391,0,0
12770812,321,308,393,0,0
12771748,331,312,400,0,0
12772684,334,315,399,0,0
12773620,326,312,397,0,0
12774552,321,306,388,0,0
12775488,331,308,397,0,0
12776424,343,311,398,0,0
12777360,352,312,401,0,0
12778292,348,300,384,0,0
12779228,355,326,395,0,0
12780164,371,313,389,0,0
12781100,361,324,392,0,0
12782032,359,312,395,0,0
12782968,352,304,391,0,0
12783904,356,316,395,0,0
12784840,352,318,400,0,0
12785772,358,316,398,0,0
12786708,368,319,396,0,0
12787644,363,304,376,0,0
12788580,367,332,369,0,0
12789512,366,331,398,0,0
12790448,334,312,402,0,0
12791384,312,300,382,0,0
12792320,315,301,391,0,0
12793252,308,294,391,0,0
12794188,315,299,396,0,0
12795124,331,311,380,0,0
12796060,337,310,396,0,0
12796992,334,304,393,0,0
12797928,339,310,395,0,0
12798864,350,326,391,0,0
12799800,348,311,398,0,0
12800732,345,310,391,0,0
12801668,352,312,391,0,0
12802604,348,312,393,0,0
12803540,342,312,402,0,0
12804472,367,318,406,0,0
12805408,375,323,400,0,0
12806344,386,327,388,0,0
12807280,370,323,405,0,0
12808212,369,325,391,0,0
12809148,383,323,387,0,0
12810084,363,313,402,0,0
12811020,344,311,383,0,0
12811952,332,304,391,0,0
12812888,346,307,387,0,0
12813824,345,312,399,0,0
12814760,336,313,391,0,0
12815692,339,311,396,0,0
12816628,363,323,382,0,0
12817564,359,302,390,0,0
12818500,337,308,382,0,0
12819432,334,295,412,0,0
12820368,348,321,397,0,0
12821304,348,322,387,0,0
12822240,307,304,390,0,0
12823172,318,304,391,0,0
12824108,344,316,384,0,0
12825044,327,311,403,0,0
12825980,327,308,395,0,0
12826912,339,300,387,0,0
12827848,355,304,394,0,0
12828784,363,324,395,0,0
12829720,358,321,393,0,0
12830652,339,312,401,0,0
12831588,350,312,388,0,0
12832524,355,312,393,0,0
12833460,361,312,396,0,0
12834392,363,322,401,0,0
12835328,353,319,399,0,0
12836264,337,320,388,0,0
12837200,332,307,395,0,0
12838132,327,302,386,0,0
12839068,339,314,412,0,0
12840004,306,303,399,0,0
12840936,327,307,399,0,0
12841872,335,302,406,0,0
12842808,322,319,391,0,0
12843744,322,310,395,0,0
12844680,331,309,380,0,0
12845612,323,305,391,0,0
12846548,335,306,387,0,0
12847484,339,312,399,0,0
12848420,345,306,390,0,0
12849352,349,315,380,0,0
12850288,355,316,390,0,0
12851224,361,323,384,0,0
12852160,354,316,391,0,0
12853092,352,319,382,0,0
12854028,344,312,400,0,0
12854964,313,300,384,0,0
12855900,319,297,394,0,0
12856832,350,315,387,0,0
12857768,379,315,393,0,0
12858704,370,315,406,0,0
12859640,346,312,388,0,0
12860572,339,312,399,0,0
12861508,327,316,388,0,0
12862444,313,300,390,0,0
12863376,312,297,390,0,0
12864312,327,312,403,0,0
12865248,337,303,397,0,0
12866184,355,316,399,0,0
12867120,359,316,399,0,0
12868052,368,307,387,0,0
12868988,376,340,399,0,0
12869924,376,323,398,0,0
12870860,387,322,384,0,0
12871792,380,331,388,0,0
12872728,344,305,390,0,0
12873664,327,302,396,0,0
12874600,356,312,385,0,0
12875532,368,315,395,0,0
12876468,334,319,396,0,0
12877404,319,300,402,0,0
12878340,322,305,393,0,0
12879272,335,313,397,0,0
12880208,327,304,391,0,0
12881144,327,312,387,0,0
12882080,339,310,388,0,0
12883012,356,318,399,0,0
12883948,368,308,390,0,0
12884884,351,316,387,0,0
12885820,332,302,393,0,0
12886752,348,324,384,0,0
12887688,379,331,415,0,0
12888624,361,310,388,0,0
12889560,354,321,385,0,0
12890492,352,319,399,0,0
12891428,326,300,390,0,0
12892364,326,307,395,0,0
12893300,323,307,391,0,0
12894232,343,312,407,0,0
12895168,355,327,404,0,0
12896104,333,310,404,0,0
12897040,323,302,391,0,0
12897972,319,311,398,0,0
12898908,299,308,380,0,0
12899844,294,294,388,0,0
12900780,294,304,398,0,0
12901712,291,291,385,0,0
12902648,304,295,394,0,0
12903584,323,306,400,0,0
12904520,339,310,393,0,0
12905452,344,315,396,0,0
12906388,338,311,394,0,0
12907324,345,308,401,0,0
12908260,347,313,396,0,0
12909192,355,307,391,0,0
12910128,357,313,399,0,0
12911064,368,312,390,0,0
12912000,399,321,398,0,0
12912932,434,331,406,0,0
12913868,443,339,399,0,0
12914804,418,332,397,0,0
12915740,380,327,384,0,0
12916672,376,317,402,0,0
12917608,387,318,411,0,0
12918544,408,329,388,0,0
12919480,392,327,384,0,0
12920412,348,319,408,0,0
12921348,312,311,404,0,0
12922284,315,298,382,0,0
12923220,323,307,399,0,0
12924152,344,318,398,0,0
12925088,326,307,399,0,0
12926024,319,312,385,0,0
12926960,312,300,407,0,0
12927892,302,295,393,0,0
12928828,297,302,384,0,0
12929764,300,299,380,0,0
12930700,319,307,386,0,0
12931632,324,299,396,0,0
12932568,335,309,389,0,0
12933504,350,313,379,0,0
12934440,345,314,393,0,0
12935372,342,312,391,0,0
12936308,341,316,397,0,0
12937244,336,304,399,0,0
12938180,345,327,423,0,0
12939112,344,302,379,0,0
12940048,352,316,393,0,0
12940984,346,312,391,0,0
12941920,342,317,385,0,0
12942852,338,305,403,0,0
12943788,343,307,384,0,0
12944724,353,304,392,0,0
12945660,348,309,391,0,0
12946592,355,312,391,0,0
12947528,344,312,401,0,0
12948464,353,321,391,0,0
12949396,377,324,399,0,0
12950332,385,318,387,0,0
12951268,364,318,391,0,0
12952204,332,301,398,0,0
12953140,323,313,387,0,0
12954072,322,307,387,0,0
12955008,318,304,377,0,0
12955944,326,307,390,0,0
12956880,330,312,387,0,0
12957812,342,304,398,0,0
12958748,352,315,399,0,0
12959684,368,313,391,0,0
12960620,355,318,395,0,0
12961552,312,315,384,0,0
12962488,302,302,395,0,0
12963424,312,295,391,0,0
12964360,332,311,400,0,0
12965292,331,300,392,0,0
12966228,334,312,391,0,0
12967164,340,307,384,0,0
12968100,368,313,399,0,0
12969032,384,333,393,0,0
12969968,391,323,390,0,0
12970904,406,339,395,0,0
12971840,382,326,396,0,0
12972772,374,323,401,0,0
12973708,366,319,390,0,0
12974644,352,318,412,0,0
12975580,345,318,397,0,0
12976512,352,323,396,0,0
12977448,335,316,391,0,0
12978384,329,304,393,0,0
12979320,331,301,389,0,0
12980252,316,301,391,0,0
12981188,327,312,396,0,0
12982124,333,315,396,0,0
12983060,329,307,386,0,0
12983992,327,312,398,0,0
12984928,342,316,409,0,0
12985864,355,316,398,0,0
12986800,350,310,390,0,0
12987732,319,312,383,0,0
12988668,308,299,385,0,0
12989604,303,294,388,0,0
12990540,340,310,393,0,0
12991472,342,304,400,0,0
12992408,335,318,393,0,0
12993344,327,295,384,0,0
12994280,332,313,407,0,0
12995212,335,307,391,0,0
12996148,374,316,391,0,0
12997084,374,319,400,0,0
12998020,376,319,371,0,0
12998952,382,319,384,0,0
12999888,396,330,399,0,0
13000824,381,319,392,0,0
13001760,379,323,404,0,0
13002692,376,312,391,0,0
13003628,380,313,390,0,0
13004564,374,317,406,0,0
13005500,363,312,380,0,0
13006432,355,313,387,0,0
13007368,364,313,393,0,0
13008304,370,321,383,0,0
13009240,364,320,408,0,0
13010172,344,312,391,0,0
13011108,339,321,387,0,0
13012044,350,312,393,0,0
13012976,345,303,407,0,0
13013912,347,319,398,0,0
13014848,335,312,396,0,0
13015784,302,294,388,0,0
13016720,291,287,388,0,0
13017652,305,288,388,0,0
13018588,327,305,387,0,0
13019524,352,318,385,0,0
13020460,323,303,393,0,0
13021392,311,307,399,0,0
13022328,325,307,391,0,0
13023264,312,297,399,0,0
13024200,307,307,399,0,0
13025132,331,307,388,0,0
13026068,348,313,388,0,0
13027004,371,315,390,0,0
13027940,382,315,406,0,0
13028872,355,313,389,0,0
13029808,355,312,387,0,0
13030744,361,312,401,0,0
13031680,359,319,400,0,0
13032612,376,323,400,0,0
13033548,347,311,399,0,0
13034484,323,303,399,0,0
13035420,364,313,386,0,0
13036352,355,315,401,0,0
13037288,333,315,406,0,0
13038224,316,296,403,0,0
13039160,345,307,359,0,0
13040092,347,316,408,0,0
13041028,327,301,384,0,0
13041964,335,300,390,0,0
13042900,371,313,400,0,0
13043832,358,327,384,0,0
13044768,359,315,385,0,0
13045704,348,297,393,0,0
13046640,330,303,399,0,0
13047572,339,307,361,0,0
13048508,316,295,391,0,0
13049444,333,319,375,0,0
13050380,359,310,397,0,0
13051312,347,319,396,0,0
13052248,336,312,388,0,0
13053184,321,295,385,0,0
13054120,306,300,408,0,0
13055052,313,306,380,0,0
13055988,316,295,396,0,0
13056924,324,308,384,0,0
13057860,347,322,411,0,0
13058792,313,305,396,0,0
13059728,295,299,384,0,0
13060664,326,312,382,0,0
13061600,350,308,391,0,0
13062532,348,319,398,0,0
13063468,349,307,400,0,0
13064404,348,315,391,0,0
13065340,355,312,402,0,0
13066272,380,318,395,0,0
13067208,377,332,401,0,0
13068144,369,319,396,0,0
13069080,340,305,400,0,0
13070012,337,308,391,0,0
13070948,368,315,405,0,0
13071884,375,317,403,0,0
13072820,359,314,412,0,0
13073752,347,326,391,0,0
13074688,368,319,399,0,0
13075624,370,315,403,0,0
13076560,361,309,385,0,0
13077492,371,319,396,0,0
13078428,375,319,408,0,0
13079364,384,327,398,0,0
13080300,344,307,387,0,0
13081232,300,288,385,0,0
13082168,327,309,390,0,0
13083104,342,315,393,0,0
13084040,330,307,391,0,0
13084972,325,310,404,0,0
13085908,308,307,403,0,0
13086844,315,307,389,0,0
13087780,355,302,409,0,0
13088712,363,319,416,0,0
13089648,323,312,391,0,0
13090584,319,295,393,0,0
13091520,337,304,396,0,0
13092452,323,297,396,0,0
13093388,332,309,398,0,0
13094324,339,312,387,0,0
13095260,368,313,382,0,0
13096192,353,316,407,0,0
13097128,335,295,388,0,0
13098064,339,316,390,0,0
13098996,321,302,388,0,0
13099932,310,302,393,0,0
13100868,329,316,387,0,0
13101804,364,312,387,0,0
13102740,364,313,398,0,0
13103672,376,313,386,0,0
13104608,355,312,387,0,0
13105544,343,313,391,0,0
13106480,359,318,372,0,0
13107412,351,307,406,0,0
13108348,327,300,391,0,0
13109284,369,318,398,0,0
13110220,384,319,391,0,0
13111152,352,307,398,0,0
13112088,364,307,384,0,0
13113024,359,304,415,0,0
13113960,368,332,390,0,0
13114892,348,303,407,0,0
13115828,368,318,387,0,0
13116764,374,329,387,0,0
13117700,339,307,391,0,0
13118632,341,300,382,0,0
13119568,359,307,388,0,0
13120504,321,318,398,0,0
13121440,299,284,388,0,0
13122372,325,302,382,0,0
13123308,287,304,387,0,0
13124244,276,301,382,0,0
13125180,289,276,388,0,0
13126112,310,311,380,0,0
13127048,316,308,408,0,0
13127984,303,305,395,0,0
13128920,303,311,380,0,0
13129852,297,303,399,0,0
13130788,299,297,393,0,0
13131724,289,287,391,0,0
13132660,307,294,391,0,0
13133592,327,295,391,0,0
13134528,339,317,398,0,0
13135464,344,316,399,0,0
13136400,347,312,387,0,0
13137332,348,313,387,0,0
13138268,350,319,391,0,0
13139204,359,327,395,0,0
13140140,356,308,387,0,0
13141072,369,312,395,0,0
13142008,370,315,384,0,0
13142944,363,316,388,0,0
13143880,342,312,399,0,0
13144812,330,311,391,0,0
13145748,331,305,398,0,0
13146684,327,310,384,0,0
13147620,332,307,401,0,0
13148552,318,301,396,0,0
13149488,331,307,398,0,0
13150424,350,306,390,0,0
13151360,352,312,393,0,0
13152292,360,312,391,0,0
13153228,348,311,393,0,0
13154164,336,307,401,0,0
13155100,329,305,383,0,0
13156032,321,305,385,0,0
13156968,352,321,372,0,0
13157904,347,312,396,0,0
13158840,336,303,384,0,0
13159772,329,304,393,0,0
13160708,328,304,385,0,0
13161644,337,315,395,0,0
13162580,335,307,389,0,0
13163512,326,308,396,0,0
13164448,325,311,399,0,0
13165384,332,307,387,0,0
13166320,335,306,384,0,0
13167252,347,321,382,0,0
13168188,347,305,371,0,0
13169124,333,305,389,0,0
13170060,343,306,392,0,0
13170992,335,304,387,0,0
13171928,339,312,399,0,0
13172864,339,304,395,0,0
13173800,344,312,397,0,0
13174732,345,312,395,0,0
13175668,342,313,393,0,0
13176604,338,307,386,0,0
13177540,343,315,385,0,0
13178472,335,300,409,0,0
13179408,342,316,399,0,0
13180344,339,307,387,0,0
13181280,340,312,389,0,0
13182212,342,306,391,0,0
13183148,342,308,398,0,0
13184084,343,304,387,0,0
13185020,339,305,393,0,0
13185952,342,312,399,0,0
13186888,340,307,391,0,0
13187824,336,307,408,0,0
13188760,354,321,391,0,0
13189692,348,312,391,0,0
13190628,339,312,396,0,0
13191564,344,304,388,0,0
13192500,339,312,398,0,0
13193432,344,314,393,0,0
13194368,344,314,396,0,0
13195304,344,312,396,0,0
13196240,344,312,391,0,0
13197172,339,312,395,0,0
13198108,350,305,390,0,0
13199044,343,315,385,0,0
13199980,344,313,391,0,0
13200912,344,307,396,0,0
13201848,339,311,396,0,0
13202784,342,307,396,0,0
13203720,344,315,398,0,0
13204652,340,309,385,0,0
13205588,343,312,398,0,0
13206524,337,306,387,0,0
13207456,337,307,382,0,0
13208392,342,304,391,0,0
13209328,342,312,394,0,0
13210264,347,311,390,0,0
13211200,339,311,394,0,0
13212132,344,316,391,0,0
13213068,345,307,391,0,0
13214004,340,312,401,0,0
13214940,339,306,399,0,0
13215872,344,310,387,0,0
13216808,340,308,395,0,0
13217744,350,307,369,0,0
13218680,339,305,387,0,0
13219612,343,310,391,0,0
13220548,344,312,390,0,0
13221484,343,307,391,0,0
13222420,339,305,391,0,0
13223352,339,310,395,0,0
13224288,345,313,395,0,0
13225224,348,307,390,0,0
13226160,346,313,398,0,0
13227092,344,314,387,0,0
13228028,339,316,392,0,0
13228964,335,319,401,0,0
13229900,344,313,399,0,0
13230832,342,307,389,0,0
13231768,340,312,399,0,0
13232704,344,312,388,0,0
13233640,344,312,396,0,0
13234572,343,311,401,0,0
13235508,345,313,395,0,0
13236444,344,312,399,0,0
13237380,347,310,400,0,0
13238312,357,316,372,0,0
13239248,342,311,385,0,0
13240184,342,305,381,0,0
13241120,343,308,391,0,0
13242052,347,311,385,0,0
13242988,344,313,384,0,0
13243924,344,311,387,0,0
13244860,343,312,398,0,0
13245792,344,307,391,0,0
13246728,351,312,395,0,0
13247664,335,305,384,0,0
13248600,344,298,371,0,0
13249532,344,311,386,0,0
13250468,345,309,398,0,0
13251404,343,307,390,0,0
13252340,344,307,393,0,0
13253272,348,313,391,0,0
13254208,344,308,385,0,0
13255144,347,313,396,0,0
13256080,345,310,388,0,0
13257012,341,312,395,0,0
13257948,353,321,396,0,0
13258884,331,301,387,0,0
13259820,345,313,398,0,0
13260752,339,312,391,0,0
13261688,344,316,391,0,0
13262624,343,312,396,0,0
13263560,340,308,387,0,0
13264492,344,315,390,0,0
13265428,343,311,395,0,0
13266364,347,311,396,0,0
13267300,332,300,396,0,0
13268232,348,308,391,0,0
13269168,339,321,408,0,0
13270104,342,316,391,0,0
13271040,345,315,391,0,0
13271972,339,310,393,0,0
13272908,347,318,402,0,0
13273844,345,316,403,0,0
13274780,344,315,403,0,0
13275712,348,316,401,0,0
13276648,344,310,394,0,0
13277584,349,322,404,0,0
13278520,342,313,395,0,0
13279452,342,312,399,0,0
13280388,340,318,397,0,0
13281324,344,307,391,0,0
13282260,345,318,399,0,0
13283192,342,316,399,0,0
13284128,342,316,398,0,0
13285064,344,319,403,0,0
13286000,343,311,390,0,0
13286932,338,313,408,0,0
13287868,343,316,397,0,0
13288804,344,317,398,0,0
13289740,344,311,401,0,0
13290672,343,314,393,0,0
13291608,350,316,401,0,0
13292548,342,313,400,0,0
13293480,342,312,388,0,0
13294412,344,318,396,0,0
13295348,348,318,395,0,0
13296284,343,313,398,0,0
13297220,350,312,395,0,0
13298152,334,301,399,0,0
13299088,340,315,403,0,0
13300024,348,319,399,0,0
13300960,344,313,397,0,0
13301892,346,317,396,0,0
13302828,347,313,402,0,0
13303764,347,316,387,0,0
13304700,352,319,399,0,0
13305632,347,319,390,0,0
13307504,344,310,388,0,0
13308440,339,316,420,0,0
13309372,349,319,390,0,0
13310308,342,314,395,0,0
13311244,343,315,396,0,0
13312180,345,315,398,0,0
13313112,343,313,391,0,0
13314056,345,312,388,0,0
13314984,350,321,400,0,0
13315920,344,318,399,0,0
13316852,353,318,398,0,0
13317788,353,319,401,0,0
13318724,347,315,401,0,0
13319660,347,313,399,0,0
13320592,347,316,399,0,0
13321528,341,312,387,0,0
13322464,343,316,396,0,0
13323400,350,316,396,0,0
13324332,348,319,403,0,0
13325268,344,313,387,0,0
13326204,348,319,399,0,0
13327140,348,314,398,0,0
13328072,348,315,391,0,0
13329008,337,319,409,0,0
13329944,344,319,402,0,0
13330880,344,319,401,0,0
13331812,345,319,402,0,0
13332748,347,316,391,0,0
13333684,347,313,391,0,0
13334620,349,318,387,0,0
13335560,348,316,388,0,0
13336488,348,317,401,0,0
13337424,356,309,385,0,0
13338360,337,304,376,0,0
13339292,348,323,387,0,0
13340228,348,317,390,0,0
13341164,348,319,398,0,0
13342100,348,313,391,0,0
13343032,350,315,401,0,0
13343968,344,316,404,0,0
13344904,345,315,387,0,0
13345840,345,321,404,0,0
13346772,348,313,394,0,0
13347708,350,312,391,0,0
13348644,350,323,391,0,0
13349580,343,311,386,0,0
13350512,350,313,397,0,0
13351448,348,313,393,0,0
13352384,348,315,398,0,0
13353320,348,319,388,0,0
13354252,351,313,397,0,0
13355188,347,316,398,0,0
13356124,345,317,401,0,0
13357064,347,318,391,0,0
13357992,347,319,390,0,0
13358928,349,318,403,0,0
13359864,349,315,396,0,0
13360800,349,318,387,0,0
13361732,344,311,391,0,0
13362668,345,313,387,0,0
13363604,346,315,401,0,0
13364540,351,319,395,0,0
13365472,352,314,398,0,0
13366408,344,317,399,0,0
13367344,347,323,392,0,0
13368276,344,318,399,0,0
13369212,348,315,399,0,0
13370148,345,316,399,0,0
13371084,352,312,398,0,0
13372952,345,319,395,0,0
13373888,347,319,403,0,0
13374824,349,323,403,0,0
13375760,348,316,398,0,0
13376692,348,321,403,0,0
13377628,344,311,391,0,0
13378568,345,312,408,0,0
13379500,348,321,388,0,0
13380432,345,316,388,0,0
13381368,348,315,391,0,0
13382304,345,316,399,0,0
13383240,349,316,399,0,0
13384172,350,316,393,0,0
13385108,345,313,391,0,0
13386044,348,321,403,0,0
13386980,339,304,408,0,0
13387912,343,311,393,0,0
13388848,359,332,393,0,0
13389784,348,316,390,0,0
13390720,347,312,391,0,0
13391652,352,321,390,0,0
13392588,347,316,392,0,0
13393524,350,315,399,0,0
13394460,352,315,396,0,0
13395392,352,321,388,0,0
13396328,350,316,396,0,0
13397264,352,319,395,0,0
13398200,345,312,408,0,0
13399132,351,320,387,0,0
13400076,348,321,398,0,0
13401004,345,316,394,0,0
13401940,352,319,396,0,0
13402872,352,317,403,0,0
13403808,347,317,398,0,0
13404744,354,321,406,0,0
13405680,347,312,398,0,0
13406612,352,312,396,0,0
13407548,348,310,391,0,0
13408484,350,319,391,0,0
13409420,344,318,408,0,0
13410352,347,323,397,0,0
13411288,345,315,388,0,0
13412224,348,316,395,0,0
13413160,350,313,397,0,0
13414092,355,312,396,0,0
13415028,352,318,403,0,0
13415964,350,319,398,0,0
13416900,354,315,403,0,0
13417832,355,318,408,0,0
13418768,348,303,395,0,0
13419704,350,313,398,0,0
13420640,352,314,388,0,0
13421580,348,318,399,0,0
13422508,350,313,396,0,0
13423444,347,312,384,0,0
13424380,348,315,387,0,0
13425312,348,312,391,0,0
13426248,345,316,389,0,0
13427184,350,313,391,0,0
13428120,350,315,384,0,0
13429052,348,306,395,0,0
13429988,348,318,399,0,0
13430924,352,319,396,0,0
13431860,352,319,403,0,0
13432792,351,321,401,0,0
13433728,348,322,401,0,0
13434664,348,319,399,0,0
13435600,347,312,395,0,0
13436532,352,315,396,0,0
13438404,355,323,411,0,0
13439340,353,313,395,0,0
13440272,345,312,393,0,0
13441208,345,321,402,0,0
13442144,351,319,403,0,0
13443084,347,316,400,0,0
13444012,352,316,387,0,0
13444948,349,318,388,0,0
13445884,352,316,398,0,0
13446820,349,319,395,0,0
13447752,352,310,399,0,0
13448688,344,309,384,0,0
13449624,350,316,390,0,0
13450560,349,321,399,0,0
13451492,352,312,391,0,0
13452428,348,319,395,0,0
13453364,347,321,400,0,0
13454296,350,313,391,0,0
13455232,352,323,408,0,0
13456168,354,321,401,0,0
13457104,359,318,391,0,0
13458040,345,312,393,0,0
13458972,344,319,398,0,0
13459908,353,316,395,0,0
13460844,351,321,403,0,0
13461780,352,315,399,0,0
13462712,352,316,391,0,0
13463648,345,316,402,0,0
13464588,350,319,390,0,0
13465520,350,319,393,0,0
13466452,342,308,382,0,0
13467388,350,319,396,0,0
13468324,335,311,412,0,0
13469260,351,315,393,0,0
13470192,348,311,390,0,0
13471128,352,319,399,0,0
13472064,347,316,399,0,0
13473000,351,319,403,0,0
13473932,352,318,398,0,0
13474868,348,313,387,0,0
13475804,348,323,393,0,0
13476736,348,319,391,0,0
13477672,360,327,387,0,0
13478608,355,310,398,0,0
13479544,347,316,395,0,0
13480480,349,321,400,0,0
13481412,352,319,387,0,0
13482348,346,314,397,0,0
13483284,350,319,390,0,0
13484220,350,319,404,0,0
13485152,349,318,403,0,0
13486096,344,316,391,0,0
13487024,344,304,403,0,0
13487960,349,316,376,0,0
13488892,353,305,399,0,0
13489828,351,316,388,0,0
13490764,345,318,403,0,0
13491700,346,319,391,0,0
13492632,355,325,406,0,0
13493568,351,313,396,0,0
13494504,349,316,403,0,0
13495440,352,319,396,0,0
13496372,350,318,397,0,0
13497308,339,308,380,0,0
13498244,348,327,396,0,0
13499180,352,321,396,0,0
13500112,348,318,396,0,0
13501048,353,319,396,0,0
13501984,349,319,398,0,0
13502920,347,314,399,0,0
13503852,351,315,390,0,0
13504788,353,319,399,0,0
13505724,344,312,393,0,0
13506660,340,323,413,0,0
13507600,348,316,395,0,0
13508528,346,315,406,0,0
13509464,350,312,396,0,0
13510400,345,319,403,0,0
13511332,352,321,400,0,0
13512268,350,323,393,0,0
13513204,345,314,391,0,0
13514140,353,313,391,0,0
13515072,350,323,401,0,0
13516008,350,319,399,0,0
13516944,358,319,369,0,0
13517880,343,321,399,0,0
13518812,352,306,374,0,0
13519748,345,315,396,0,0
13520684,350,316,388,0,0
13521620,355,323,406,0,0
13522552,344,316,398,0,0
13523488,345,313,399,0,0
13524424,353,312,390,0,0
13525360,347,323,401,0,0
13526292,351,315,398,0,0
13527228,344,313,385,0,0
13528164,352,324,379,0,0
13529104,344,318,397,0,0
13530032,350,321,388,0,0
13530968,348,322,391,0,0
13531904,347,318,396,0,0
13532840,345,322,403,0,0
13533772,347,319,396,0,0
13534708,345,313,399,0,0
13535644,352,319,391,0,0
13536580,348,317,403,0,0
13537512,344,326,423,0,0
13538448,350,315,390,0,0
13539384,348,313,393,0,0
13540320,351,323,385,0,0
13541252,350,315,387,0,0
13542188,345,319,399,0,0
13543124,346,314,394,0,0
13544060,350,322,396,0,0
13544992,352,316,395,0,0
13545928,348,318,398,0,0
13546864,351,312,393,0,0
13547800,361,330,388,0,0
13548732,335,307,390,0,0
13549668,352,316,395,0,0
13550608,350,313,389,0,0
13551536,347,315,389,0,0
13552472,353,316,387,0,0
13553408,350,319,398,0,0
13554344,352,319,388,0,0
13555280,350,319,401,0,0
13556212,352,321,391,0,0
13557148,358,313,367,0,0
13558084,352,317,403,0,0
13559020,352,321,403,0,0
13559952,353,319,392,0,0
13560888,350,318,391,0,0
13561824,350,318,402,0,0
13562760,348,319,398,0,0
13563692,351,323,390,0,0
13564628,351,318,402,0,0
13565564,350,323,390,0,0
13566500,344,312,382,0,0
13567432,352,319,412,0,0
13568368,348,318,402,0,0
13569304,352,319,391,0,0
13570240,350,318,395,0,0
13571172,345,319,391,0,0
13572116,352,318,390,0,0
13573044,345,320,399,0,0
13573980,350,323,391,0,0
13574912,349,319,391,0,0
13575848,350,319,399,0,0
13576784,345,318,399,0,0
13577720,344,313,384,0,0
13578652,358,318,363,0,0
13579588,350,315,401,0,0
13580524,345,318,401,0,0
13581460,350,323,397,0,0
13582392,348,313,391,0,0
13583328,348,318,399,0,0
13584264,348,315,396,0,0
13585200,347,319,402,0,0
13586132,344,319,405,0,0
13587068,353,308,394,0,0
13588004,359,316,361,0,0
13588940,352,327,391,0,0
13589872,349,319,396,0,0
13590808,352,323,404,0,0
13591744,351,316,394,0,0
13592680,348,319,398,0,0
13593620,353,323,403,0,0
13594548,350,319,401,0,0
13595484,346,318,399,0,0
13596420,350,319,391,0,0
13597352,348,316,401,0,0
13598288,339,327,416,0,0
13599224,349,313,396,0,0
13600160,346,319,399,0,0
13601092,351,324,399,0,0
13602028,344,319,400,0,0
13602964,351,323,396,0,0
13603900,348,322,403,0,0
13604832,344,318,391,0,0
13605768,348,315,396,0,0
13606704,335,308,419,0,0
13607640,349,318,391,0,0
13608572,349,304,376,0,0
13609508,350,321,402,0,0
13610444,353,317,401,0,0
13611380,350,318,396,0,0
13612312,350,321,392,0,0
13613248,350,312,391,0,0
13614184,350,323,398,0,0
13615124,353,317,391,0,0
13616052,348,323,390,0,0
13616988,343,316,412,0,0
13617924,358,323,376,0,0
13618860,358,321,385,0,0
13619792,351,319,391,0,0
13620728,344,310,383,0,0
13621664,352,320,403,0,0
13622600,352,317,398,0,0
13623532,352,313,395,0,0
13624468,352,323,400,0,0
13625404,348,312,391,0,0
13626336,353,314,393,0,0
13627272,352,312,396,0,0
13628208,344,316,408,0,0
13629144,352,315,391,0,0
13630080,353,319,399,0,0
13631012,351,323,399,0,0
13631948,348,313,398,0,0
13632884,348,319,398,0,0
13633820,348,319,395,0,0
13634752,349,317,399,0,0
13635688,352,316,395,0,0
13636628,345,326,408,0,0
13637560,351,316,405,0,0
13638492,337,313,423,0,0
13639428,351,318,399,0,0
13640364,347,318,393,0,0
13641300,348,312,391,0,0
13642232,352,321,399,0,0
13643168,347,318,396,0,0
13644104,347,315,384,0,0
13645040,348,319,398,0,0
13645972,352,319,403,0,0
13646908,344,316,391,0,0
13647844,344,317,401,0,0
13648780,345,316,408,0,0
13649712,347,315,399,0,0
13650648,347,318,399,0,0
13651584,347,318,399,0,0
13652520,347,316,390,0,0
13653452,346,315,399,0,0
13654388,351,316,391,0,0
13655324,348,318,398,0,0
13656260,355,321,399,0,0
13657192,355,323,390,0,0
13658132,352,321,404,0,0
13659064,351,312,391,0,0
13660000,348,312,391,0,0
13660932,348,319,393,0,0
13661868,349,316,403,0,0
13662804,345,318,395,0,0
13663740,348,314,401,0,0
13664672,353,321,403,0,0
13665608,345,318,399,0,0
13666544,350,319,408,0,0
13667480,348,312,384,0,0
13668412,344,318,404,0,0
13669348,351,316,394,0,0
13670284,345,315,389,0,0
13671220,351,319,400,0,0
13672152,348,318,402,0,0
13673088,350,322,387,0,0
13674024,348,315,399,0,0
13674960,344,316,391,0,0
13675892,345,316,391,0,0
13676828,352,316,391,0,0
13677764,363,330,384,0,0
13678700,340,315,415,0,0
13679636,350,321,399,0,0
13680568,349,315,397,0,0
13681504,348,319,387,0,0
13682440,350,320,403,0,0
13683372,352,320,393,0,0
13684308,352,315,396,0,0
13685244,350,316,396,0,0
13686180,347,316,389,0,0
13687112,345,310,376,0,0
13688048,352,316,384,0,0
13688984,345,315,406,0,0
13689920,348,317,403,0,0
13690852,348,312,391,0,0
13691788,347,314,395,0,0
13692724,351,319,403,0,0
13693660,348,315,396,0,0
13694592,352,319,403,0,0
13695528,351,316,396,0,0
13696464,347,319,399,0,0
13697400,348,321,388,0,0
13698332,347,312,387,0,0
13699268,348,323,388,0,0
13700204,352,319,391,0,0
13701140,353,318,402,0,0
13702072,353,319,394,0,0
13703008,351,316,399,0,0
13703944,348,315,396,0,0
13704880,352,315,396,0,0
13705812,345,310,390,0,0
13706748,352,319,393,0,0
13707684,355,326,379,0,0
13708620,345,315,406,0,0
13709552,345,319,399,0,0
13710488,352,315,398,0,0
13711424,353,319,398,0,0
13712356,352,313,401,0,0
13713292,345,316,390,0,0
13714228,352,312,396,0,0
13715164,353,319,407,0,0
13716100,352,312,391,0,0
13717032,346,316,417,0,0
13717968,353,317,403,0,0
13718904,355,311,393,0,0
13719840,349,321,396,0,0
13720772,353,316,387,0,0
13721708,344,310,384,0,0
13722644,355,315,391,0,0
13723580,351,319,399,0,0
13724512,350,319,395,0,0
13725448,353,318,387,0,0
13726384,351,316,398,0,0
13727320,347,311,394,0,0
13728252,354,316,404,0,0
13729188,347,319,400,0,0
13730124,347,318,403,0,0
13731060,353,312,393,0,0
13731992,348,319,391,0,0
13732928,352,316,391,0,0
13733864,345,319,403,0,0
13734800,351,315,396,0,0
13735732,351,316,396,0,0
13736668,345,317,408,0,0
13737604,353,319,397,0,0
13738540,351,315,398,0,0
13739472,351,316,388,0,0
13740408,352,319,397,0,0
13741344,352,314,396,0,0
13742280,346,315,390,0,0
13743212,348,313,400,0,0
13744148,355,312,399,0,0
13745084,356,319,402,0,0
13746020,353,323,403,0,0
13746952,348,321,387,0,0
13747888,344,316,399,0,0
13748824,343,306,380,0,0
13749760,352,316,403,0,0
13750692,348,313,388,0,0
13751628,352,322,393,0,0
13752564,350,319,387,0,0
13753500,344,311,385,0,0
13754432,344,312,388,0,0
13755368,348,318,399,0,0
13756304,355,318,399,0,0
13757240,356,324,411,0,0
13758172,347,319,388,0,0
13759108,350,318,406,0,0
13760044,351,317,391,0,0
13760980,352,317,399,0,0
13761912,354,316,396,0,0
13762848,353,316,388,0,0
13763784,352,312,391,0,0
13764720,350,319,403,0,0
13765652,348,318,400,0,0
13766588,350,313,377,0,0
13767524,347,307,387,0,0
13768460,350,318,395,0,0
13769392,348,319,402,0,0
13770328,352,313,396,0,0
13771264,354,313,398,0,0
13772200,355,323,406,0,0
13773132,355,313,396,0,0
13774068,350,318,399,0,0
13775004,348,319,403,0,0
13775940,352,319,399,0,0
13776872,345,313,391,0,0
13777808,355,321,407,0,0
13778744,348,305,375,0,0
13779680,350,314,391,0,0
13780612,355,313,389,0,0
13781548,351,316,399,0,0
13782484,352,316,390,0,0
13783420,348,316,397,0,0
13784352,349,316,397,0,0
13785288,351,319,397,0,0
13786224,352,312,392,0,0
13787160,351,323,385,0,0
13788092,359,319,380,0,0
13789028,349,315,396,0,0
13789964,353,319,391,0,0
13790900,348,314,396,0,0
13791832,353,312,391,0,0
13792768,352,319,403,0,0
13793704,352,313,387,0,0
13794640,349,316,400,0,0
13795572,350,316,397,0,0
13796508,351,312,404,0,0
13797444,349,318,396,0,0
13798376,355,310,395,0,0
13799312,348,316,393,0,0
13800248,350,317,403,0,0
13801184,352,319,391,0,0
13802120,355,319,388,0,0
13803052,351,319,393,0,0
13803988,351,321,401,0,0
13804924,359,323,406,0,0
13805860,353,316,398,0,0
13806792,357,311,397,0,0
13807728,357,312,393,0,0
13808664,352,321,396,0,0
13809600,352,321,403,0,0
13810532,350,311,395,0,0
13811468,348,313,395,0,0
13812404,348,317,397,0,0
13813340,352,316,390,0,0
13814272,352,317,387,0,0
13815208,353,323,396,0,0
13816144,352,319,396,0,0
13817080,344,305,369,0,0
13818012,355,313,396,0,0
13818948,349,314,399,0,0
13819884,350,316,395,0,0
13820816,349,310,393,0,0
13821752,353,315,386,0,0
13822688,349,308,380,0,0
13823624,348,312,388,0,0
13824560,352,312,385,0,0
13825492,355,319,398,0,0
13826428,358,313,377,0,0
13827364,351,315,403,0,0
13828300,359,327,405,0,0
13829232,354,316,388,0,0
13830168,356,315,391,0,0
13831104,352,316,396,0,0
13832040,352,317,399,0,0
13832972,351,316,398,0,0
13833908,352,314,401,0,0
13834844,355,316,391,0,0
13835780,353,314,390,0,0
13836712,359,307,395,0,0
13837648,346,310,388,0,0
13838584,355,329,404,0,0
13839520,353,316,398,0,0
13840452,351,315,387,0,0
13841388,351,312,390,0,0
13842324,351,315,396,0,0
13843260,355,319,397,0,0
13844192,350,314,387,0,0
13845128,348,313,396,0,0
13846064,356,318,399,0,0
13847000,352,315,399,0,0
13847932,355,315,402,0,0
13848868,348,316,401,0,0
13849804,350,316,396,0,0
13850740,352,312,396,0,0
13851672,355,321,392,0,0
13852608,353,319,393,0,0
13853544,356,313,393,0,0
13854480,356,319,398,0,0
13855412,348,318,402,0,0
13856348,358,323,407,0,0
13857284,348,318,396,0,0
13858220,356,315,397,0,0
13859152,352,314,396,0,0
13860088,347,315,391,0,0
13861024,352,319,403,0,0
13861960,355,319,396,0,0
13862892,348,317,392,0,0
13863828,352,321,396,0,0
13864764,352,316,387,0,0
13865700,354,312,391,0,0
13866632,343,312,415,0,0
13867568,348,315,408,0,0
13868504,345,308,379,0,0
13869440,352,316,398,0,0
13870372,352,319,391,0,0
13871308,348,317,406,0,0
13872244,348,311,385,0,0
13873180,353,321,391,0,0
13874112,350,315,399,0,0
13875048,352,313,391,0,0
13875984,355,317,386,0,0
13876920,352,318,395,0,0
13877852,353,319,402,0,0
13878788,353,319,401,0,0
13879724,352,316,403,0,0
13880660,354,319,391,0,0
13881592,355,312,390,0,0
13882528,353,315,396,0,0
13883464,352,313,392,0,0
13884400,355,316,396,0,0
13885332,351,313,391,0,0
13886268,355,321,391,0,0
13887204,345,321,419,0,0
13888140,358,321,404,0,0
13889072,355,321,403,0,0
13890008,347,312,385,0,0
13890944,353,315,387,0,0
13891880,353,316,400,0,0
13892812,353,319,401,0,0
13893748,356,319,399,0,0
13894684,352,319,399,0,0
13895616,352,318,399,0,0
13896552,352,319,391,0,0
13897488,352,322,387,0,0
13898424,351,319,388,0,0
13899360,352,315,396,0,0
13900292,353,312,396,0,0
13901228,348,316,395,0,0
13902164,352,316,396,0,0
