2862352,387,316,387,0,0
2862492,345,319,396,0,0
2862632,340,312,387,0,0
2862772,344,317,396,0,0
2862908,345,319,396,0,0
2863048,347,320,401,0,0
2863200,348,323,407,0,0
2863456,352,326,408,0,0
2864392,345,313,401,0,0
2865328,351,321,401,0,0
2866260,344,316,396,0,0
2867196,349,315,391,0,0
2868132,344,317,403,0,0
2869068,348,324,402,0,0
2870000,342,316,408,0,0
2870936,355,312,384,0,0
2871872,347,317,401,0,0
2872808,355,321,400,0,0
2873740,351,316,398,0,0
2874676,349,318,390,0,0
2875612,347,319,394,0,0
2876548,348,318,398,0,0
2877480,344,316,391,0,0
2878416,348,322,399,0,0
2879352,344,315,404,0,0
2880288,344,303,399,0,0
2881220,355,323,404,0,0
2882156,344,316,398,0,0
2883092,352,318,404,0,0
2884028,344,316,398,0,0
2884960,349,317,399,0,0
2885896,344,319,396,0,0
2886832,348,321,391,0,0
2887768,344,310,385,0,0
2888700,347,319,399,0,0
2889636,345,321,388,0,0
2890572,340,315,391,0,0
2891508,342,316,399,0,0
2892440,350,319,398,0,0
2893376,347,318,395,0,0
2894312,345,319,396,0,0
2895248,348,312,396,0,0
2896180,347,321,391,0,0
2897116,350,323,411,0,0
2898052,345,315,387,0,0
2898988,351,316,395,0,0
2899920,348,317,404,0,0
2900856,344,316,399,0,0
2901792,358,312,384,0,0
2902728,352,318,390,0,0
2903660,343,317,401,0,0
2904596,347,322,399,0,0
2905532,348,316,396,0,0
2906468,352,318,391,0,0
2907400,344,313,398,0,0
2908336,345,319,403,0,0
2909272,345,321,391,0,0
2910212,340,322,410,0,0
2911140,336,304,382,0,0
2912076,354,327,403,0,0
2913012,344,315,387,0,0
2913948,348,319,396,0,0
2914880,344,319,391,0,0
2915816,351,317,396,0,0
2916752,348,320,390,0,0
2917688,349,321,391,0,0
2918620,351,316,403,0,0
2919556,348,321,396,0,0
2920492,350,323,391,0,0
2921428,356,324,377,0,0
2922360,347,316,384,0,0
2923296,347,317,401,0,0
2924232,348,314,387,0,0
2925168,347,321,396,0,0
2926100,347,322,399,0,0
2927036,345,312,397,0,0
2927972,348,323,399,0,0
2928908,348,312,396,0,0
2929840,348,327,393,0,0
2930776,339,318,411,0,0
2931716,339,316,420,0,0
2932648,344,315,391,0,0
2933580,342,313,393,0,0
2934516,344,317,396,0,0
2935452,347,319,399,0,0
2936388,351,318,393,0,0
2937320,352,317,386,0,0
2938256,351,315,398,0,0
2939192,350,321,396,0,0
2940128,345,323,390,0,0
2941060,343,317,393,0,0
2941996,348,321,388,0,0
2942932,348,321,403,0,0
2943868,342,316,393,0,0
2944800,348,321,401,0,0
2945736,350,319,387,0,0
2946672,343,315,391,0,0
2947608,352,319,400,0,0
2948540,348,319,408,0,0
2949476,350,315,396,0,0
2950412,342,321,421,0,0
2951348,345,323,398,0,0
2952280,348,312,391,0,0
2953224,344,312,396,0,0
2954152,347,319,395,0,0
2955088,343,312,387,0,0
2956020,348,319,391,0,0
2956956,347,319,397,0,0
2957892,351,313,391,0,0
2958828,344,317,404,0,0
2959760,344,313,396,0,0
2960696,345,317,395,0,0
2961632,346,318,387,0,0
2962568,350,316,395,0,0
2963500,343,313,396,0,0
2964436,344,321,404,0,0
2965372,347,319,396,0,0
2966308,348,319,391,0,0
2967240,348,313,391,0,0
2968176,345,319,396,0,0
2969112,343,318,403,0,0
2970048,347,305,372,0,0
2970980,339,312,387,0,0
2971916,339,311,387,0,0
2972852,345,318,393,0,0
2973788,348,318,403,0,0
2974728,344,317,393,0,0
2975656,348,312,399,0,0
2976592,352,319,397,0,0
2977528,348,319,401,0,0
2978460,347,318,400,0,0
2979396,342,312,387,0,0
2980332,339,312,389,0,0
2981268,348,313,388,0,0
2982200,344,319,395,0,0
2983136,349,314,399,0,0
2984072,348,312,391,0,0
2985008,345,316,399,0,0
2985940,339,316,396,0,0
2986876,348,317,387,0,0
2987812,347,313,386,0,0
2988748,352,319,399,0,0
2989680,349,323,399,0,0
2990616,350,319,401,0,0
2991552,347,323,399,0,0
2992488,352,319,402,0,0
2993420,345,313,394,0,0
2994356,344,316,399,0,0
2995292,352,318,392,0,0
2996232,347,323,391,0,0
2997160,347,321,391,0,0
2998096,344,318,391,0,0
2999032,342,316,399,0,0
2999968,352,319,382,0,0
3000900,347,324,391,0,0
3001836,350,318,396,0,0
3002772,347,323,400,0,0
3003708,345,318,401,0,0
3004640,347,319,404,0,0
3005576,348,318,403,0,0
3006512,352,319,399,0,0
3007448,347,322,400,0,0
3008380,345,321,395,0,0
3009316,351,319,403,0,0
3010252,351,313,391,0,0
3011188,353,312,377,0,0
3012120,348,307,377,0,0
3013056,348,319,396,0,0
3013992,348,320,387,0,0
3014928,349,316,388,0,0
3015860,347,316,401,0,0
3016796,350,319,387,0,0
3017736,349,316,399,0,0
3018668,343,313,396,0,0
3019600,350,318,387,0,0
3020536,359,327,404,0,0
3021472,338,323,426,0,0
3022408,348,312,384,0,0
3023340,346,316,406,0,0
3024276,344,317,403,0,0
3025212,348,313,392,0,0
3026148,348,325,398,0,0
3027080,348,322,391,0,0
3028016,352,321,403,0,0
3028952,352,321,399,0,0
3029888,342,304,382,0,0
3030820,342,316,399,0,0
3031756,347,317,407,0,0
3032692,346,312,390,0,0
3033628,348,319,403,0,0
3034560,345,312,392,0,0
3035496,344,316,400,0,0
3036432,347,321,400,0,0
3037368,350,312,391,0,0
3038300,351,323,403,0,0
3039244,348,319,391,0,0
3040172,342,310,383,0,0
3041108,352,312,388,0,0
3042040,344,318,396,0,0
3042976,344,316,395,0,0
3043912,344,314,393,0,0
3044848,348,316,397,0,0
3045780,354,319,399,0,0
3046716,350,324,412,0,0
3047652,344,311,396,0,0
3048588,342,312,395,0,0
3049520,352,317,400,0,0
3050456,347,317,404,0,0
3051392,344,318,396,0,0
3052328,350,318,399,0,0
3053260,349,318,393,0,0
3054196,344,316,397,0,0
3055132,353,323,404,0,0
3056068,342,311,387,0,0
3057000,352,316,391,0,0
3057936,348,316,397,0,0
3058872,348,314,396,0,0
3059808,342,312,384,0,0
3060748,345,313,392,0,0
3061676,344,321,387,0,0
3062612,345,312,388,0,0
3063548,352,312,397,0,0
3064480,348,310,391,0,0
3065416,344,312,386,0,0
3066352,347,315,391,0,0
3067288,345,316,401,0,0
3068220,345,317,397,0,0
3069156,352,321,401,0,0
3070092,355,313,395,0,0
3071028,340,313,399,0,0
3071960,351,321,415,0,0
3072896,344,315,396,0,0
3073832,345,312,397,0,0
3074768,348,318,395,0,0
3075700,347,318,399,0,0
3076636,353,315,391,0,0
3077572,350,319,391,0,0
3078508,344,318,399,0,0
3079440,350,311,388,0,0
3080376,343,309,377,0,0
3081312,342,309,385,0,0
3082252,353,323,399,0,0
3083180,348,312,391,0,0
3084116,344,315,398,0,0
3085052,345,323,390,0,0
3085988,352,312,397,0,0
3086920,351,316,386,0,0
3087856,352,319,400,0,0
3088792,348,319,404,0,0
3089728,352,318,404,0,0
3090660,336,310,413,0,0
3091596,350,312,396,0,0
3092532,350,318,403,0,0
3093468,344,314,399,0,0
3094400,351,319,401,0,0
3095336,352,323,404,0,0
3096272,352,326,410,0,0
3097208,343,312,387,0,0
3098140,344,311,399,0,0
3099076,347,312,395,0,0
3100012,348,312,391,0,0
3100948,339,319,412,0,0
3101880,352,319,398,0,0
3102816,344,316,406,0,0
3103756,351,318,391,0,0
3104688,342,312,396,0,0
3105620,345,316,391,0,0
3106556,349,315,390,0,0
3107492,344,316,399,0,0
3108428,355,323,408,0,0
3109360,350,316,393,0,0
3110296,352,313,391,0,0
3111232,352,313,397,0,0
3112168,352,323,408,0,0
3113100,346,313,390,0,0
3114036,348,312,385,0,0
3114972,349,318,396,0,0
3115908,350,315,391,0,0
3116840,343,316,401,0,0
3117776,352,316,388,0,0
3118712,350,319,398,0,0
3119648,348,311,387,0,0
3120580,355,312,387,0,0
3121516,341,319,404,0,0
3122452,350,317,395,0,0
3123388,344,313,393,0,0
3124320,348,317,399,0,0
3125264,346,309,393,0,0
3126192,347,312,391,0,0
3127128,348,311,396,0,0
3128060,350,312,399,0,0
3128996,350,316,399,0,0
3129932,348,323,385,0,0
3130868,344,307,381,0,0
3131800,348,307,374,0,0
3132736,352,316,398,0,0
3133672,349,310,393,0,0
3134608,351,316,399,0,0
3135540,350,321,387,0,0
3136476,350,319,391,0,0
3137412,351,312,393,0,0
3138348,344,313,388,0,0
3139280,345,308,384,0,0
3140216,354,318,403,0,0
3141152,343,312,408,0,0
3142088,355,315,390,0,0
3143020,349,312,387,0,0
3143956,344,316,408,0,0
3144892,349,316,391,0,0
3145828,351,321,388,0,0
3146768,350,315,384,0,0
3147696,348,312,383,0,0
3148632,350,323,407,0,0
3149568,347,317,399,0,0
3150500,345,312,404,0,0
3151436,357,323,380,0,0
3152372,351,313,391,0,0
3153308,347,312,388,0,0
3154240,348,313,388,0,0
3155176,351,319,403,0,0
3156112,348,316,401,0,0
3157048,348,312,396,0,0
3157980,345,319,388,0,0
3158916,345,322,402,0,0
3159852,347,310,392,0,0
3160788,355,326,383,0,0
3161720,342,325,423,0,0
3162656,347,317,394,0,0
3163592,348,316,402,0,0
3164528,351,312,388,0,0
3165460,352,315,399,0,0
3166396,348,312,391,0,0
3167332,345,319,399,0,0
3168272,348,312,397,0,0
3169200,350,316,387,0,0
3170136,343,312,397,0,0
3171072,344,313,408,0,0
3172008,355,323,412,0,0
3172940,347,311,393,0,0
3173876,350,317,390,0,0
3174812,352,319,399,0,0
3175748,349,319,398,0,0
3176680,351,321,399,0,0
3177616,354,319,390,0,0
3178552,346,314,399,0,0
3179488,351,312,399,0,0
3180420,349,318,387,0,0
3181356,350,333,417,0,0
3182292,350,310,392,0,0
3183228,347,315,399,0,0
3184160,348,312,396,0,0
3185096,350,313,385,0,0
3186032,348,313,387,0,0
3186968,348,318,396,0,0
3187900,347,316,398,0,0
3188836,350,321,403,0,0
3189776,343,307,380,0,0
3190708,352,324,406,0,0
3191640,344,315,406,0,0
3192576,352,319,390,0,0
3193512,346,319,399,0,0
3194448,350,315,385,0,0
3195380,347,319,399,0,0
3196316,352,316,399,0,0
3197252,350,319,398,0,0
3198188,351,321,408,0,0
3199120,346,319,404,0,0
3200056,349,304,399,0,0
3200992,355,318,385,0,0
3201928,355,310,376,0,0
3202860,349,316,391,0,0
3203796,352,319,401,0,0
3204732,352,319,399,0,0
3205668,348,315,393,0,0
3206600,349,315,401,0,0
3207536,349,318,387,0,0
3208472,350,319,390,0,0
3209408,350,316,396,0,0
3210340,348,319,394,0,0
3211284,349,318,403,0,0
3212212,352,326,406,0,0
3213148,344,313,391,0,0
3214080,348,319,398,0,0
3215016,354,324,407,0,0
3215952,349,319,406,0,0
3216888,350,316,388,0,0
3217820,353,312,391,0,0
3218756,352,319,399,0,0
3219692,350,312,398,0,0
3220628,357,323,400,0,0
3221560,347,319,400,0,0
3222496,348,316,395,0,0
3223432,351,319,399,0,0
3224368,349,320,387,0,0
3225300,350,313,399,0,0
3226236,348,320,399,0,0
3227172,344,315,398,0,0
3228108,347,310,385,0,0
3229040,353,325,409,0,0
3229976,348,326,396,0,0
3230912,344,312,387,0,0
3231848,347,319,395,0,0
3232788,348,316,395,0,0
3233716,350,319,396,0,0
3234652,345,316,397,0,0
3235588,345,313,395,0,0
3236520,350,316,395,0,0
3237456,350,319,403,0,0
3238392,352,316,396,0,0
3239328,352,319,400,0,0
3240260,352,308,376,0,0
3241196,347,323,395,0,0
3242132,341,313,391,0,0
3243068,348,319,398,0,0
3244000,348,316,396,0,0
3244936,344,319,393,0,0
3245872,349,317,388,0,0
3246808,349,312,391,0,0
3247740,344,313,397,0,0
3248676,349,316,396,0,0
3249612,344,313,391,0,0
3250548,353,315,393,0,0
3251480,349,323,392,0,0
3252416,350,318,399,0,0
3253352,347,318,391,0,0
3254292,350,315,397,0,0
3255220,344,316,398,0,0
3256156,342,318,399,0,0
3257092,345,318,403,0,0
3258028,348,312,391,0,0
3258960,349,318,399,0,0
3259896,344,318,403,0,0
3260832,335,319,419,0,0
3261768,351,318,401,0,0
3262700,352,321,400,0,0
3263636,345,319,398,0,0
3264572,348,314,404,0,0
3265508,348,316,391,0,0
3266440,350,319,403,0,0
3267376,348,312,390,0,0
3268312,352,316,393,0,0
3269248,348,316,395,0,0
3270180,339,318,407,0,0
3271116,342,316,396,0,0
3272052,337,304,373,0,0
3272988,344,316,399,0,0
3273920,344,318,402,0,0
3274856,343,319,403,0,0
3275796,347,316,397,0,0
3276728,344,315,390,0,0
3277660,348,318,399,0,0
3278596,348,319,388,0,0
3280468,344,319,385,0,0
3281400,348,323,383,0,0
3282336,342,312,399,0,0
3283272,344,319,390,0,0
3284208,348,316,391,0,0
3285140,351,319,393,0,0
3286076,342,316,404,0,0
3287012,348,315,385,0,0
3287948,348,317,388,0,0
3288880,345,321,398,0,0
3289816,348,313,395,0,0
3290752,348,318,404,0,0
3291688,345,319,399,0,0
3292620,345,319,391,0,0
3293556,342,318,405,0,0
3294492,342,315,391,0,0
3295428,348,318,399,0,0
3296360,347,317,399,0,0
3297300,348,319,403,0,0
3298232,344,321,404,0,0
3299168,344,318,398,0,0
3300100,348,313,396,0,0
3301036,348,318,399,0,0
3301972,344,315,406,0,0
3302908,343,319,403,0,0
3303840,348,318,391,0,0
3304776,344,313,395,0,0
3305712,342,314,398,0,0
3306648,352,321,395,0,0
3307580,343,319,403,0,0
3308516,344,318,399,0,0
3309452,343,312,391,0,0
3310388,344,315,393,0,0
3311320,340,308,380,0,0
3312256,355,315,391,0,0
3313192,348,319,390,0,0
3314128,342,316,391,0,0
3315060,347,316,398,0,0
3315996,344,313,392,0,0
3316932,347,318,396,0,0
3317868,344,316,391,0,0
3318804,344,316,404,0,0
3319736,341,319,403,0,0
3320672,340,318,403,0,0
3321608,342,319,387,0,0
3322540,350,319,391,0,0
3323476,347,318,406,0,0
3324412,342,315,396,0,0
3325348,343,315,388,0,0
3326280,346,317,398,0,0
3327216,347,315,399,0,0
3328152,344,323,403,0,0
3329088,347,312,396,0,0
3330020,335,312,408,0,0
3330956,340,316,399,0,0
3331892,345,319,380,0,0
3332828,347,312,397,0,0
3333760,350,317,385,0,0
3334696,348,319,398,0,0
3335632,343,319,401,0,0
3336568,344,314,398,0,0
3337500,351,313,395,0,0
3338436,352,326,406,0,0
3339372,348,319,393,0,0
3340308,337,312,419,0,0
3341240,350,327,388,0,0
3342176,345,322,398,0,0
3343112,348,319,391,0,0
3344048,344,312,396,0,0
3345916,344,316,402,0,0
3346852,347,320,404,0,0
3347788,345,312,396,0,0
3348720,344,312,396,0,0
3349656,342,318,401,0,0
3350592,342,313,391,0,0
3351528,343,319,393,0,0
3352460,344,311,390,0,0
3353396,342,315,400,0,0
3354332,344,318,396,0,0
3355268,344,317,404,0,0
3356200,345,312,395,0,0
3357136,347,321,395,0,0
3358072,349,320,399,0,0
3359008,345,321,398,0,0
3359940,344,313,399,0,0
3360876,344,313,391,0,0
3361812,335,319,419,0,0
3362748,344,318,401,0,0
3363680,344,308,384,0,0
3364616,348,319,396,0,0
3365552,347,315,395,0,0
3366488,344,312,395,0,0
3367420,344,318,401,0,0
3368356,340,316,406,0,0
3369292,345,318,393,0,0
3370228,339,312,399,0,0
3371160,348,317,404,0,0
3372096,359,324,387,0,0
3373032,340,310,395,0,0
3373968,348,319,398,0,0
3374900,345,313,396,0,0
3375836,344,317,392,0,0
3376772,348,321,397,0,0
3377708,345,319,393,0,0
3378640,348,323,409,0,0
3379576,351,317,391,0,0
3380512,351,319,398,0,0
3381448,351,308,366,0,0
3382380,350,316,387,0,0
3383316,350,317,391,0,0
3384252,344,316,395,0,0
3385188,344,321,400,0,0
3386120,350,316,393,0,0
3387056,348,321,403,0,0
3387992,343,315,396,0,0
3388928,348,312,387,0,0
3389860,348,311,400,0,0
3390796,343,316,388,0,0
3391732,345,320,395,0,0
3392668,348,312,399,0,0
3393600,342,317,405,0,0
3394536,342,316,403,0,0
3395472,345,318,390,0,0
3396408,348,316,393,0,0
3397340,348,319,399,0,0
3398276,348,315,385,0,0
3399212,343,313,396,0,0
3400148,350,320,402,0,0
3401080,347,319,391,0,0
3402016,354,312,387,0,0
3402952,345,319,399,0,0
3403888,347,318,399,0,0
3404820,348,318,399,0,0
3405756,344,320,390,0,0
3406692,345,318,401,0,0
3407628,350,319,406,0,0
3408560,343,312,390,0,0
3409496,343,312,393,0,0
3411368,350,319,379,0,0
3412300,343,323,401,0,0
3413236,348,319,396,0,0
3414172,343,318,395,0,0
3415108,345,314,395,0,0
3416040,343,313,393,0,0
3416976,340,319,403,0,0
3417912,345,310,387,0,0
3418848,348,315,396,0,0
3419780,348,316,385,0,0
3420716,347,319,393,0,0
3421652,344,307,401,0,0
3422588,348,319,390,0,0
3423520,347,318,387,0,0
3424456,350,318,388,0,0
3425392,348,312,396,0,0
3426328,348,319,393,0,0
3427260,344,312,396,0,0
3428196,347,316,396,0,0
3429132,340,314,393,0,0
3430068,353,327,387,0,0
3431000,344,310,390,0,0
3431936,348,321,402,0,0
3432872,348,313,391,0,0
3433808,348,316,393,0,0
3434740,348,319,388,0,0
3435676,344,315,402,0,0
3436612,345,312,389,0,0
3437548,348,312,403,0,0
3438480,337,312,391,0,0
3439416,345,319,399,0,0
3440352,355,327,386,0,0
3441288,342,315,408,0,0
3442220,348,316,396,0,0
3443156,347,319,399,0,0
3444092,348,318,400,0,0
3445028,347,319,395,0,0
3445960,348,317,396,0,0
3446896,347,319,387,0,0
3447832,349,319,391,0,0
3448768,343,311,395,0,0
3449700,347,318,399,0,0
3450636,350,321,395,0,0
3451572,340,312,387,0,0
3452508,345,315,399,0,0
3453440,348,319,396,0,0
3454376,345,316,388,0,0
3455312,347,315,391,0,0
3456248,346,316,403,0,0
3457180,342,316,400,0,0
3458116,346,311,398,0,0
3459052,345,316,399,0,0
3459988,348,324,407,0,0
3460920,350,321,401,0,0
3461856,352,323,404,0,0
3462792,342,314,395,0,0
3463728,344,311,396,0,0
3464660,345,312,385,0,0
3465596,345,318,399,0,0
3466532,342,318,403,0,0
3467468,348,311,388,0,0
3468400,340,316,404,0,0
3469336,344,310,393,0,0
3470272,340,313,391,0,0
3471208,354,313,388,0,0
3472140,348,327,408,0,0
3473076,348,319,399,0,0
3474012,350,319,398,0,0
3474948,345,319,402,0,0
3475880,350,319,395,0,0
3476816,345,313,391,0,0
3477752,343,316,399,0,0
3478688,352,317,396,0,0
3479620,342,312,396,0,0
3480556,335,323,384,0,0
3481492,355,329,412,0,0
3482428,351,319,402,0,0
3483360,347,312,385,0,0
3484296,348,311,391,0,0
3485232,344,312,393,0,0
3486168,345,319,398,0,0
3487100,345,315,399,0,0
3488036,340,309,391,0,0
3488972,352,323,408,0,0
3489908,348,319,388,0,0
3490840,348,305,399,0,0
3491776,342,323,387,0,0
3492712,348,316,396,0,0
3493648,349,316,391,0,0
3494580,345,319,396,0,0
3495516,348,319,399,0,0
3496452,341,315,396,0,0
3497388,345,318,403,0,0
3498320,350,323,409,0,0
3499256,349,319,397,0,0
3500192,344,316,388,0,0
3501128,345,318,391,0,0
3502060,344,315,399,0,0
3502996,339,317,399,0,0
3503932,340,318,403,0,0
3504868,352,317,393,0,0
3505800,342,315,396,0,0
3506736,348,312,391,0,0
3507672,349,319,398,0,0
3508608,350,318,397,0,0
3509540,344,311,391,0,0
3510476,345,319,398,0,0
3511412,352,308,369,0,0
3512348,340,312,385,0,0
3513280,345,315,388,0,0
3514216,342,315,399,0,0
3515152,349,319,396,0,0
3516088,344,317,396,0,0
3517020,344,310,390,0,0
3517956,344,312,387,0,0
3518892,346,319,399,0,0
3519828,344,319,406,0,0
3520760,344,302,398,0,0
3521696,352,319,399,0,0
3522632,344,311,386,0,0
3523568,347,315,391,0,0
3524500,340,312,390,0,0
3525436,342,320,403,0,0
3526372,348,316,394,0,0
3527308,344,316,395,0,0
3528240,345,313,387,0,0
3529176,347,318,400,0,0
3530112,351,313,401,0,0
3531048,345,322,387,0,0
3531980,342,312,399,0,0
3532916,350,319,404,0,0
3533852,347,317,395,0,0
3534788,345,312,386,0,0
3535720,344,313,390,0,0
3536656,345,311,393,0,0
3537592,348,319,398,0,0
3538528,344,315,394,0,0
3539460,348,319,391,0,0
3540396,353,323,409,0,0
3541332,344,311,387,0,0
3542268,345,313,400,0,0
3543200,345,318,392,0,0
3544136,344,319,403,0,0
3545072,342,323,407,0,0
3546008,344,318,398,0,0
3546940,341,312,388,0,0
3547876,350,324,409,0,0
3548812,338,307,384,0,0
3549748,341,313,397,0,0
3550680,339,305,391,0,0
3551616,340,316,403,0,0
3552552,348,315,388,0,0
3553488,350,319,399,0,0
3554420,343,308,390,0,0
3555356,344,319,401,0,0
3556292,344,316,395,0,0
3557228,345,319,399,0,0
3558160,340,316,404,0,0
3559096,343,310,391,0,0
3560032,341,316,401,0,0
3560968,344,319,391,0,0
3561900,338,319,408,0,0
3562836,346,318,387,0,0
3563772,340,318,397,0,0
3564708,344,316,403,0,0
3565640,342,315,396,0,0
3566576,339,312,391,0,0
3567512,342,317,386,0,0
3568448,344,318,391,0,0
3569380,344,315,388,0,0
3570316,340,312,391,0,0
3571252,352,324,385,0,0
3572188,334,312,406,0,0
3573120,344,313,396,0,0
3574056,345,312,396,0,0
3574992,344,318,399,0,0
3575928,344,318,407,0,0
3576860,344,317,395,0,0
3577796,339,316,403,0,0
3578732,336,310,389,0,0
3579668,342,311,395,0,0
3580600,329,304,414,0,0
3581536,351,311,393,0,0
3582472,340,316,403,0,0
3583408,347,312,387,0,0
3584340,347,312,403,0,0
3585276,349,312,391,0,0
3586212,345,319,397,0,0
3587148,335,316,396,0,0
3588080,339,319,398,0,0
3589016,339,323,404,0,0
3589952,338,311,393,0,0
3590888,332,312,410,0,0
3591820,342,315,406,0,0
3592756,340,319,390,0,0
3593692,342,312,401,0,0
3594628,342,314,396,0,0
3595560,345,316,396,0,0
3596496,343,309,395,0,0
3597432,337,311,393,0,0
3598368,342,310,399,0,0
3599300,342,309,388,0,0
3600236,344,316,401,0,0
3601172,343,319,393,0,0
3602108,345,304,391,0,0
3603040,339,318,391,0,0
3603976,340,316,403,0,0
3604912,335,313,391,0,0
3605848,340,318,396,0,0
3606780,335,316,396,0,0
3607716,341,315,392,0,0
3608652,335,310,387,0,0
3609588,335,308,391,0,0
3610520,335,318,388,0,0
3611456,335,312,398,0,0
3612392,332,319,415,0,0
3613328,337,319,397,0,0
3614260,335,308,391,0,0
3615196,342,319,402,0,0
3616132,332,315,395,0,0
3617068,335,309,395,0,0
3618000,337,319,403,0,0
3618936,333,312,396,0,0
3619872,335,312,396,0,0
3620808,335,307,399,0,0
3621740,339,327,414,0,0
3622676,337,318,391,0,0
3623612,332,307,391,0,0
3624548,339,312,396,0,0
3625480,332,311,393,0,0
3626416,336,309,391,0,0
3627352,335,315,390,0,0
3628288,335,318,389,0,0
3629220,338,312,395,0,0
3630156,331,306,382,0,0
3631092,327,310,408,0,0
3632028,339,319,403,0,0
3632960,337,317,396,0,0
3633896,335,317,403,0,0
3634832,340,318,399,0,0
3635768,335,311,393,0,0
3636700,339,316,385,0,0
3637636,337,313,393,0,0
3638572,337,318,395,0,0
3639508,337,313,396,0,0
3640440,325,313,419,0,0
3641376,342,312,393,0,0
3642312,332,308,387,0,0
3643248,339,319,396,0,0
3644180,345,318,396,0,0
3645116,342,316,390,0,0
3646052,344,321,408,0,0
3646988,345,319,401,0,0
3647920,332,317,399,0,0
3648856,334,318,388,0,0
3649792,335,313,387,0,0
3650728,339,314,377,0,0
3651660,343,319,394,0,0
3652596,332,316,403,0,0
3653532,331,316,388,0,0
3654468,327,313,393,0,0
3655400,332,315,395,0,0
3656336,333,316,397,0,0
3657272,335,312,393,0,0
3658208,335,312,389,0,0
3659140,332,310,390,0,0
3660076,333,312,397,0,0
3661012,334,316,388,0,0
3661948,339,327,414,0,0
3662880,339,319,391,0,0
3663816,331,316,396,0,0
3664752,336,318,393,0,0
3665688,332,315,394,0,0
3666620,335,316,401,0,0
3667556,337,315,390,0,0
3668492,332,315,396,0,0
3669428,340,312,395,0,0
3670360,339,310,390,0,0
3671296,342,326,380,0,0
3672232,328,304,371,0,0
3673168,335,313,391,0,0
3674100,332,312,402,0,0
3675036,337,319,390,0,0
3675972,335,315,395,0,0
3676908,337,314,398,0,0
3677840,334,312,391,0,0
3678776,342,311,396,0,0
3679712,335,315,399,0,0
3680648,332,313,388,0,0
3681580,334,302,368,0,0
3682516,329,307,398,0,0
3683452,339,313,398,0,0
3684388,335,312,391,0,0
3685320,332,317,402,0,0
3686256,335,311,391,0,0
3687192,337,316,389,0,0
3688128,339,312,396,0,0
3689060,332,315,399,0,0
3689996,332,316,402,0,0
3690932,339,313,402,0,0
3691868,334,312,396,0,0
3692800,335,317,396,0,0
3693736,333,313,391,0,0
3694672,335,319,403,0,0
3695608,338,319,393,0,0
3696540,335,315,388,0,0
3697476,335,313,396,0,0
3698412,342,319,402,0,0
3699348,335,321,398,0,0
3700280,340,316,404,0,0
3701216,340,312,399,0,0
3702152,334,312,385,0,0
3703088,337,319,390,0,0
3704020,339,310,390,0,0
3704956,339,315,401,0,0
3705892,339,314,385,0,0
3706828,335,319,403,0,0
3707760,335,319,399,0,0
3708696,339,311,391,0,0
3709632,333,316,403,0,0
3710568,334,312,384,0,0
3711500,336,319,404,0,0
3712436,338,319,384,0,0
3713372,340,318,398,0,0
3714308,334,308,385,0,0
3715240,339,313,393,0,0
3716176,335,315,399,0,0
3717112,335,316,403,0,0
3718048,337,313,396,0,0
3718980,332,311,388,0,0
3719916,339,318,401,0,0
3720852,329,312,407,0,0
3721788,345,319,391,0,0
3722720,337,318,397,0,0
3723656,340,315,391,0,0
3724592,339,314,391,0,0
3725528,333,315,401,0,0
3726460,339,317,396,0,0
3727396,334,315,388,0,0
3728332,334,321,388,0,0
3729268,337,320,399,0,0
3730200,335,308,386,0,0
3731136,323,304,409,0,0
3732072,343,312,383,0,0
3733008,342,319,396,0,0
3733940,342,319,391,0,0
3734876,344,315,391,0,0
3735812,340,312,391,0,0
3736748,339,316,395,0,0
3737680,335,310,385,0,0
3738616,335,318,399,0,0
3739552,335,318,391,0,0
3740488,342,326,381,0,0
3741420,324,316,415,0,0
3742356,332,321,414,0,0
3743292,339,317,394,0,0
3744228,332,316,395,0,0
3745160,340,313,396,0,0
3746096,335,316,391,0,0
3747032,337,313,399,0,0
3747968,334,317,399,0,0
3748900,336,314,396,0,0
3749836,329,312,391,0,0
3750772,336,323,399,0,0
3751708,338,311,391,0,0
3752640,335,319,390,0,0
3753576,339,314,391,0,0
3754512,342,319,401,0,0
3755448,335,316,393,0,0
3756380,335,316,399,0,0
3757316,341,312,396,0,0
3758252,332,318,403,0,0
3759188,332,312,391,0,0
3760120,332,312,399,0,0
3761056,327,312,391,0,0
3761992,329,313,415,0,0
3762928,340,318,388,0,0
3763860,339,318,398,0,0
3764796,334,315,396,0,0
3765732,339,312,384,0,0
3766668,335,315,391,0,0
3767600,336,312,393,0,0
3768536,335,316,403,0,0
3769472,335,311,391,0,0
3770408,331,316,404,0,0
3771340,333,321,387,0,0
3772276,341,318,399,0,0
3773212,339,321,390,0,0
3774148,335,314,395,0,0
3775080,348,319,388,0,0
3776016,344,316,398,0,0
3776952,339,314,403,0,0
3777888,345,318,397,0,0
3778820,332,310,396,0,0
3779756,329,307,382,0,0
3780692,327,308,374,0,0
3781628,327,311,387,0,0
3782560,337,323,409,0,0
3783496,339,322,396,0,0
3784432,344,315,391,0,0
3785368,344,313,387,0,0
3786300,344,318,395,0,0
3787236,352,319,405,0,0
3788172,339,313,404,0,0
3789108,336,316,401,0,0
3790040,344,312,399,0,0
3790976,335,313,384,0,0
3791912,340,312,388,0,0
3792848,331,313,408,0,0
3793780,332,316,396,0,0
3794716,329,311,391,0,0
3795652,339,322,408,0,0
3796588,341,321,393,0,0
3797520,344,312,396,0,0
3798456,340,318,396,0,0
3799392,344,312,396,0,0
3800328,340,312,403,0,0
3801260,339,313,391,0,0
3802196,342,315,385,0,0
3803132,334,308,391,0,0
3804068,334,319,393,0,0
3805000,342,315,398,0,0
3805936,344,319,385,0,0
3806872,348,313,391,0,0
3807808,348,310,407,0,0
3808740,336,312,412,0,0
3809676,335,324,396,0,0
3810612,337,319,391,0,0
3811548,347,316,384,0,0
3812480,345,323,396,0,0
3813416,347,318,403,0,0
3814352,347,315,401,0,0
3815288,349,310,379,0,0
3816220,352,308,388,0,0
3817156,353,319,391,0,0
3818092,355,312,403,0,0
3819028,347,319,396,0,0
3819960,335,311,391,0,0
3820896,332,321,382,0,0
3821832,339,313,403,0,0
3822768,337,318,399,0,0
3823700,337,316,405,0,0
3824636,332,315,396,0,0
3825572,335,321,399,0,0
3826508,336,318,393,0,0
3827440,344,315,387,0,0
3828376,344,316,391,0,0
3829312,335,307,384,0,0
3830248,332,308,397,0,0
3831180,327,322,408,0,0
3832116,329,321,387,0,0
3833052,332,325,398,0,0
3833988,339,313,392,0,0
3834920,342,312,395,0,0
3835856,339,311,398,0,0
3836792,335,312,398,0,0
3837728,342,305,382,0,0
3838660,350,313,393,0,0
3839596,363,321,401,0,0
3840532,361,329,400,0,0
3841468,359,312,404,0,0
3842400,359,316,405,0,0
3843336,344,326,403,0,0
3844272,325,319,395,0,0
3845208,311,315,401,0,0
3846140,313,304,385,0,0
3847076,318,302,390,0,0
3848012,334,312,387,0,0
3848948,347,316,391,0,0
3849880,356,324,401,0,0
3850816,355,321,412,0,0
3851752,344,316,411,0,0
3852688,345,318,398,0,0
3853620,337,310,408,0,0
3854556,344,316,396,0,0
3855492,344,310,385,0,0
3856428,351,312,399,0,0
3857360,348,322,401,0,0
3858296,344,313,390,0,0
3859232,340,312,396,0,0
3860168,334,307,376,0,0
3861100,334,319,386,0,0
3862036,332,304,371,0,0
3862972,340,315,397,0,0
3863908,342,310,391,0,0
3864840,344,318,396,0,0
3865776,354,315,387,0,0
3866712,358,321,395,0,0
3867648,350,313,393,0,0
3868580,344,306,387,0,0
3869516,348,310,391,0,0
3870452,353,321,396,0,0
3871388,350,324,403,0,0
3872320,335,329,412,0,0
3873256,325,307,403,0,0
3874192,323,308,401,0,0
3875128,332,321,397,0,0
3876060,339,321,386,0,0
3876996,353,322,387,0,0
3877932,355,315,408,0,0
3878868,377,316,407,0,0
3879800,359,307,403,0,0
3880736,334,313,369,0,0
3881672,321,313,359,0,0
3882608,337,307,395,0,0
3883540,324,312,420,0,0
3884476,316,313,397,0,0
3885412,331,312,377,0,0
3886348,359,331,391,0,0
3887280,353,316,409,0,0
3888216,319,304,408,0,0
3889156,309,312,387,0,0
3890088,312,305,398,0,0
3891020,325,319,390,0,0
3891956,323,310,380,0,0
3892892,332,314,402,0,0
3893828,335,317,396,0,0
3894760,326,319,390,0,0
3895696,330,321,392,0,0
3896632,336,304,399,0,0
3897568,342,315,396,0,0
3898500,348,313,396,0,0
3899436,359,321,390,0,0
3900372,342,318,395,0,0
3901308,326,310,399,0,0
3902240,312,319,396,0,0
3903176,316,310,388,0,0
3904112,326,310,395,0,0
3905048,340,313,393,0,0
3905980,355,312,408,0,0
3906916,343,309,388,0,0
3907852,339,323,391,0,0
3908788,340,313,398,0,0
3909720,329,308,398,0,0
3910664,321,315,384,0,0
3911592,342,307,393,0,0
3912528,348,323,411,0,0
3913460,332,309,404,0,0
3914396,329,312,384,0,0
3915332,332,318,396,0,0
3916268,335,318,396,0,0
3917200,336,318,396,0,0
3918136,341,316,408,0,0
3919072,340,315,402,0,0
3920008,341,319,393,0,0
3920940,326,303,360,0,0
3921876,321,303,380,0,0
3922812,322,312,407,0,0
3923748,320,311,385,0,0
3924680,326,316,401,0,0
3925616,336,310,389,0,0
3926552,342,310,396,0,0
3927488,352,319,395,0,0
3928420,347,315,399,0,0
3929356,339,312,390,0,0
3930292,319,303,392,0,0
3931228,327,307,401,0,0
3932168,324,307,387,0,0
3933096,344,312,391,0,0
3934032,348,316,403,0,0
3935900,344,316,395,0,0
3936836,348,316,396,0,0
3937772,337,312,403,0,0
3938708,332,306,398,0,0
3939640,332,315,385,0,0
3940576,331,311,415,0,0
3941512,342,316,404,0,0
3942448,337,319,393,0,0
3943380,344,313,384,0,0
3944316,343,311,396,0,0
3945252,344,318,401,0,0
3946188,344,310,384,0,0
3947120,339,313,392,0,0
3948056,332,315,406,0,0
3948992,327,318,396,0,0
3949928,332,311,398,0,0
3950860,326,305,400,0,0
3951796,337,313,401,0,0
3952732,337,315,396,0,0
3953672,334,308,399,0,0
3954600,335,316,397,0,0
3955536,335,319,388,0,0
3956472,338,318,400,0,0
3957408,334,314,397,0,0
3958340,332,312,386,0,0
3959276,332,304,391,0,0
3960212,334,308,396,0,0
3961148,337,301,402,0,0
3962080,348,310,402,0,0
3963016,345,314,385,0,0
3963952,348,319,386,0,0
3964888,348,323,407,0,0
3965820,337,311,392,0,0
3966756,332,312,390,0,0
3967692,333,315,396,0,0
3968628,340,310,391,0,0
3969560,342,312,401,0,0
3970496,335,313,415,0,0
3971432,340,316,403,0,0
3972368,331,300,382,0,0
3973300,336,313,399,0,0
3974236,332,307,388,0,0
3975176,331,318,401,0,0
3976108,329,315,388,0,0
3977040,335,311,382,0,0
3977976,352,312,396,0,0
3978912,350,319,408,0,0
3979848,335,311,388,0,0
3980780,329,324,414,0,0
3981716,329,305,383,0,0
3982652,334,308,395,0,0
3983588,333,312,398,0,0
3984520,334,318,403,0,0
3985456,332,312,390,0,0
3986392,326,315,391,0,0
3987328,329,319,388,0,0
3988260,335,316,388,0,0
3989196,335,311,396,0,0
3990132,347,309,382,0,0
3991068,336,309,396,0,0
3992000,333,316,391,0,0
3992936,335,319,397,0,0
3993872,339,316,399,0,0
3994808,332,308,387,0,0
3995740,335,307,396,0,0
3996684,331,318,395,0,0
3997612,329,312,399,0,0
3998548,335,314,401,0,0
3999480,339,312,391,0,0
4001352,348,311,393,0,0
4002288,335,310,396,0,0
4003220,329,309,399,0,0
4004156,324,316,394,0,0
4005092,333,313,387,0,0
4006028,335,312,387,0,0
4006960,343,305,384,0,0
4007896,340,312,395,0,0
4008832,351,318,388,0,0
4009768,349,317,387,0,0
4010700,350,311,399,0,0
4011636,339,311,396,0,0
4012572,328,318,409,0,0
4013508,323,313,401,0,0
4014440,319,305,384,0,0
4015376,330,312,396,0,0
4016312,344,315,384,0,0
4017248,344,311,403,0,0
4018188,348,312,387,0,0
4019116,346,319,411,0,0
4020052,327,309,384,0,0
4020988,326,304,380,0,0
4021920,327,311,399,0,0
4022856,335,316,395,0,0
4023792,335,313,390,0,0
4024728,341,318,400,0,0
4025660,339,315,401,0,0
4026596,344,321,384,0,0
4027532,339,318,397,0,0
4028468,344,313,385,0,0
4029400,341,312,390,0,0
4030336,340,313,406,0,0
4031272,348,319,369,0,0
4032208,323,307,413,0,0
4033140,332,308,387,0,0
4034076,334,312,399,0,0
4035012,332,311,396,0,0
4035948,339,313,396,0,0
4036880,343,312,399,0,0
4037816,343,319,401,0,0
4038752,340,307,385,0,0
4039692,332,305,389,0,0
4040620,337,319,388,0,0
4041556,335,317,409,0,0
4042492,326,318,399,0,0
4043428,334,316,391,0,0
4044360,331,318,393,0,0
4045296,335,313,400,0,0
4046232,340,312,398,0,0
4047168,345,312,386,0,0
4048100,339,310,388,0,0
4049036,335,312,401,0,0
4049972,344,319,396,0,0
4050908,335,312,387,0,0
4051840,332,321,395,0,0
4052776,335,314,396,0,0
4053712,340,312,391,0,0
4054648,343,315,399,0,0
4055580,342,315,396,0,0
4056516,344,310,395,0,0
4057452,342,313,390,0,0
4058388,335,316,391,0,0
4059320,334,319,398,0,0
4060256,335,307,399,0,0
4061196,333,303,379,0,0
4062128,338,313,395,0,0
4063060,339,319,396,0,0
4063996,340,307,390,0,0
4064932,341,307,388,0,0
4066800,342,313,399,0,0
4067736,350,318,391,0,0
4068672,346,316,399,0,0
4069608,355,316,399,0,0
4070540,342,316,400,0,0
4071476,342,310,396,0,0
4072412,327,307,371,0,0
4073348,342,310,394,0,0
4074280,342,312,386,0,0
4075216,338,312,391,0,0
4076152,335,310,397,0,0
4077088,335,312,396,0,0
4078020,334,319,402,0,0
4078956,339,312,395,0,0
4079892,348,314,403,0,0
4080828,347,315,405,0,0
4081760,345,301,368,0,0
4082704,329,300,388,0,0
4083632,333,316,390,0,0
4084568,338,318,396,0,0
4085500,339,307,393,0,0
4086436,335,313,399,0,0
4087372,339,312,384,0,0
4088308,340,318,399,0,0
4089240,342,319,396,0,0
4090176,343,313,384,0,0
4091112,350,312,396,0,0
4092048,344,319,401,0,0
4092980,337,310,397,0,0
4093916,327,311,397,0,0
4094852,335,316,391,0,0
4095788,338,315,396,0,0
4096720,335,310,391,0,0
4097656,344,315,387,0,0
4098592,343,321,390,0,0
4099528,344,316,396,0,0
4100460,340,321,382,0,0
4101396,334,315,401,0,0
4102332,345,311,395,0,0
4103268,340,312,391,0,0
4104208,333,316,401,0,0
4105136,331,308,386,0,0
4106072,335,313,399,0,0
4107008,343,319,407,0,0
4107940,339,315,391,0,0
4108876,342,312,391,0,0
4109812,339,311,387,0,0
4110748,343,310,391,0,0
4111680,348,320,388,0,0
4112616,356,317,382,0,0
4113552,343,313,399,0,0
4114488,337,316,396,0,0
4115420,338,315,393,0,0
4116356,335,315,396,0,0
4117292,332,312,394,0,0
4118228,341,312,391,0,0
4119160,338,312,400,0,0
4120096,342,317,391,0,0
4121032,348,312,399,0,0
4121968,359,330,399,0,0
4122900,344,312,396,0,0
4123836,342,318,398,0,0
4124772,339,316,399,0,0
4125712,332,313,391,0,0
4126640,334,316,390,0,0
4127576,337,316,396,0,0
4128512,339,312,396,0,0
4129448,337,311,401,0,0
4130380,350,326,384,0,0
4131316,329,302,409,0,0
4132252,336,307,378,0,0
4133188,344,316,386,0,0
4134120,339,316,390,0,0
4135056,344,312,399,0,0
4135992,339,315,391,0,0
4136928,335,312,390,0,0
4137860,334,316,399,0,0
4138796,332,319,395,0,0
4139732,328,313,399,0,0
4140668,332,316,393,0,0
4141600,340,310,401,0,0
4142536,335,311,403,0,0
4143472,344,312,393,0,0
4144408,348,322,399,0,0
4145340,352,316,396,0,0
4146276,342,313,393,0,0
4147216,337,319,399,0,0
4148148,338,316,398,0,0
4149080,335,313,400,0,0
4150016,337,316,390,0,0
4150952,339,311,392,0,0
4151888,342,317,393,0,0
4152820,344,317,399,0,0
4153756,340,314,397,0,0
4154692,339,318,394,0,0
4155628,340,318,385,0,0
4156560,337,312,391,0,0
4157496,335,310,391,0,0
4158432,332,319,387,0,0
4159368,334,312,402,0,0
4160300,351,321,403,0,0
4161236,344,315,419,0,0
4162172,352,316,376,0,0
4163108,345,310,396,0,0
4164040,348,316,396,0,0
4164976,345,316,387,0,0
4165912,340,311,393,0,0
4166848,333,307,388,0,0
4167780,335,313,397,0,0
4168724,348,307,384,0,0
4169652,345,312,394,0,0
4170588,348,312,385,0,0
4171520,355,321,415,0,0
4172456,335,312,396,0,0
4173392,326,319,402,0,0
4174328,332,317,391,0,0
4175260,333,305,391,0,0
4176196,344,312,404,0,0
4177132,340,315,396,0,0
4178068,352,310,393,0,0
4179000,352,311,396,0,0
4179936,338,317,398,0,0
4180872,332,329,423,0,0
4181808,332,312,390,0,0
4182740,327,310,388,0,0
4183676,332,306,404,0,0
4184612,332,307,389,0,0
4185548,335,308,389,0,0
4186480,337,313,390,0,0
4187416,342,309,391,0,0
4188352,332,313,407,0,0
4189288,327,316,398,0,0
4190228,326,316,386,0,0
4191156,327,307,396,0,0
4192092,339,312,390,0,0
4193028,355,319,384,0,0
4193960,358,316,395,0,0
4194896,347,307,401,0,0
4195832,342,316,387,0,0
4196768,331,307,399,0,0
4197700,324,312,396,0,0
4198636,334,319,398,0,0
4199572,327,312,390,0,0
4200508,327,311,399,0,0
4201440,317,304,390,0,0
4202376,327,314,384,0,0
4203312,345,314,388,0,0
4204248,349,318,396,0,0
4205180,346,309,387,0,0
4206116,340,313,388,0,0
4207052,337,310,391,0,0
4207988,335,305,393,0,0
4208920,331,316,399,0,0
4209856,327,315,398,0,0
4210792,329,312,415,0,0
4211732,335,303,371,0,0
4212660,328,300,401,0,0
4213596,342,314,398,0,0
4214532,344,312,396,0,0
4215468,348,318,397,0,0
4216400,342,315,401,0,0
4217336,343,318,402,0,0
4218272,335,313,409,0,0
4219208,327,319,387,0,0
4220140,339,321,408,0,0
4221076,350,321,407,0,0
4222012,335,304,376,0,0
4222948,338,317,396,0,0
4223880,347,321,408,0,0
4224816,335,312,391,0,0
4225752,339,312,382,0,0
4226688,331,313,396,0,0
4227620,339,318,395,0,0
4228556,335,310,390,0,0
4229492,342,313,393,0,0
4230428,334,309,387,0,0
4231360,329,295,387,0,0
4232296,326,312,421,0,0
4233236,329,316,396,0,0
4234168,332,307,391,0,0
4235100,335,310,398,0,0
4236036,342,313,391,0,0
4236972,344,307,390,0,0
4237908,345,319,408,0,0
4238840,333,311,391,0,0
4239776,329,307,384,0,0
4240712,337,316,387,0,0
4241648,323,300,412,0,0
4242580,342,311,401,0,0
4243516,339,313,393,0,0
4244452,339,312,387,0,0
4245388,339,316,401,0,0
4246320,335,307,387,0,0
4247256,339,311,393,0,0
4248192,352,321,407,0,0
4249128,344,313,396,0,0
4250060,337,312,390,0,0
4250996,329,305,399,0,0
4251932,327,310,396,0,0
4252868,335,307,396,0,0
4253800,334,308,396,0,0
4254740,335,307,393,0,0
4255672,343,310,394,0,0
4256608,338,307,384,0,0
4257540,344,316,408,0,0
4258476,335,307,395,0,0
4259412,340,319,398,0,0
4260348,331,302,411,0,0
4261280,342,299,371,0,0
4262216,348,318,384,0,0
4263152,339,312,403,0,0
4264088,341,308,393,0,0
4265020,337,316,399,0,0
4265956,334,308,391,0,0
4266892,339,316,398,0,0
4267828,340,318,396,0,0
4268760,342,311,396,0,0
4269696,340,316,399,0,0
4270632,340,318,391,0,0
4271568,345,316,394,0,0
4272500,345,313,398,0,0
4273436,344,312,385,0,0
4274372,345,312,389,0,0
4275308,339,308,398,0,0
4276244,339,313,396,0,0
4277176,344,318,399,0,0
4278112,341,310,397,0,0
4279048,344,318,400,0,0
4279980,348,310,392,0,0
4280916,338,310,406,0,0
4281852,352,316,384,0,0
4282788,340,310,396,0,0
4283720,334,310,400,0,0
4284656,335,312,399,0,0
4285592,343,309,396,0,0
4286528,344,316,398,0,0
4287460,348,318,401,0,0
4288396,352,312,387,0,0
4289332,348,318,396,0,0
4290268,344,319,389,0,0
4291200,339,310,403,0,0
4292136,336,307,391,0,0
4293072,335,318,397,0,0
4294008,339,310,387,0,0
4294940,339,313,388,0,0
4295876,352,311,395,0,0
4296812,349,315,398,0,0
4297748,350,319,390,0,0
4298680,344,322,398,0,0
4299616,337,315,400,0,0
4300552,332,318,395,0,0
4301488,327,307,396,0,0
4302420,335,316,388,0,0
4303356,345,316,395,0,0
4304292,350,307,395,0,0
4305228,337,310,393,0,0
4306160,339,315,396,0,0
4307096,335,318,401,0,0
4308032,339,310,394,0,0
4308968,335,313,396,0,0
4309900,335,312,398,0,0
4310836,335,317,400,0,0
4311772,339,319,417,0,0
4312708,342,297,374,0,0
4313640,344,308,395,0,0
4314576,348,316,388,0,0
4315512,344,312,388,0,0
4316448,336,315,398,0,0
4317380,335,310,391,0,0
4318316,335,307,394,0,0
4319252,340,307,391,0,0
4320188,339,308,387,0,0
4321120,337,312,396,0,0
4322056,340,326,418,0,0
4322992,334,313,402,0,0
4323928,329,313,398,0,0
4324860,327,312,391,0,0
4325796,327,307,396,0,0
4326732,337,305,391,0,0
4327668,339,313,401,0,0
4328600,345,313,388,0,0
4329536,342,309,395,0,0
4330472,326,312,416,0,0
4331408,319,297,374,0,0
4332340,335,302,374,0,0
4333276,335,312,392,0,0
4334212,340,312,393,0,0
4335148,340,312,387,0,0
4336080,340,312,390,0,0
4337016,342,313,398,0,0
4337952,343,312,396,0,0
4338888,335,312,396,0,0
4339820,338,312,404,0,0
4340756,329,308,416,0,0
4341692,334,318,401,0,0
4342628,335,307,393,0,0
4343560,335,312,384,0,0
4344496,337,319,387,0,0
4345432,344,312,390,0,0
4346368,345,310,399,0,0
4347300,334,304,380,0,0
4348236,343,315,401,0,0
4349172,335,311,398,0,0
4350108,337,316,396,0,0
4351040,342,313,406,0,0
4351976,335,313,403,0,0
4352912,329,312,388,0,0
4353848,337,315,395,0,0
4354780,337,313,388,0,0
4355716,335,308,391,0,0
4356652,335,312,400,0,0
4357588,339,310,385,0,0
4358520,338,307,391,0,0
4359456,340,311,399,0,0
4360392,342,307,393,0,0
4361328,339,306,384,0,0
4362260,344,315,406,0,0
4363196,334,311,385,0,0
4364132,340,315,390,0,0
4365068,336,308,392,0,0
4366000,339,312,398,0,0
4366936,335,313,388,0,0
4367872,335,313,403,0,0
4368808,335,312,401,0,0
4369740,342,311,387,0,0
4370676,355,320,377,0,0
4371612,339,321,428,0,0
4372548,340,327,414,0,0
4373480,332,316,398,0,0
4374416,334,316,391,0,0
4375352,339,310,396,0,0
4376288,339,315,396,0,0
4377220,341,315,398,0,0
4378156,337,314,399,0,0
4379092,339,312,398,0,0
4380028,335,316,400,0,0
4380960,342,312,390,0,0
4381896,334,306,403,0,0
4382832,333,312,396,0,0
4383768,339,313,384,0,0
4384700,335,307,391,0,0
4385636,340,313,388,0,0
4386572,344,312,384,0,0
4387508,342,312,398,0,0
4388440,335,305,381,0,0
4389376,335,312,400,0,0
4390312,345,310,393,0,0
4391248,344,319,384,0,0
4392180,344,316,392,0,0
4393116,342,312,396,0,0
4394052,335,307,393,0,0
4394988,337,311,396,0,0
4395920,335,315,391,0,0
4396856,343,315,393,0,0
4397792,337,312,401,0,0
4398728,344,312,391,0,0
4399660,343,308,400,0,0
4400596,339,312,390,0,0
4401532,335,310,387,0,0
4402468,334,307,386,0,0
4403400,336,310,391,0,0
4404336,339,313,391,0,0
4405272,344,316,390,0,0
4406208,342,310,392,0,0
4407140,343,315,399,0,0
4408076,343,315,389,0,0
4409012,335,310,398,0,0
4409948,331,312,388,0,0
4410880,340,319,378,0,0
4411816,349,310,375,0,0
4412752,348,314,403,0,0
4413688,351,313,393,0,0
4414620,348,315,389,0,0
4415556,347,314,399,0,0
4416492,343,310,391,0,0
4417428,338,308,392,0,0
4418360,337,313,399,0,0
4419296,339,314,394,0,0
4420232,337,313,396,0,0
4421168,339,312,404,0,0
4422100,323,304,412,0,0
4423036,335,307,394,0,0
4423972,348,318,385,0,0
4424908,347,315,403,0,0
4425840,344,315,403,0,0
4426776,343,313,387,0,0
4427712,340,312,399,0,0
4428648,348,315,393,0,0
4429580,342,305,393,0,0
4430516,337,313,391,0,0
4431452,344,312,376,0,0
4432388,343,318,395,0,0
4433320,340,319,393,0,0
4434256,339,309,391,0,0
4435192,342,311,390,0,0
4436128,337,312,401,0,0
4437060,340,316,387,0,0
4437996,338,310,393,0,0
4438932,342,313,404,0,0
4439868,344,318,391,0,0
4440800,351,322,371,0,0
4441736,326,308,412,0,0
4442672,340,309,391,0,0
4443608,335,311,387,0,0
4444540,343,315,396,0,0
4445476,343,307,399,0,0
4446412,348,310,392,0,0
4447348,343,318,387,0,0
4448280,347,316,401,0,0
4449216,340,313,401,0,0
4450152,335,315,403,0,0
4451088,339,313,398,0,0
4452020,345,315,396,0,0
4452956,349,310,391,0,0
4453892,347,311,398,0,0
4454828,337,313,396,0,0
4455760,330,310,396,0,0
4456696,335,312,399,0,0
4457632,343,316,385,0,0
4458568,347,319,396,0,0
4459500,348,309,391,0,0
4460436,348,323,398,0,0
4461372,350,319,396,0,0
4462308,350,313,378,0,0
4463240,337,312,401,0,0
4464176,343,315,395,0,0
4465112,335,316,396,0,0
4466048,340,316,396,0,0
4466980,349,312,396,0,0
4467916,348,313,399,0,0
4468852,349,319,395,0,0
4469788,347,311,391,0,0
4470720,347,311,392,0,0
4471656,337,312,391,0,0
4472592,352,318,398,0,0
4473528,341,305,396,0,0
4474460,339,316,404,0,0
4475396,340,319,404,0,0
4476332,344,315,391,0,0
4477268,347,316,393,0,0
4478200,350,315,392,0,0
4479136,345,315,391,0,0
4480072,340,305,396,0,0
4481008,337,318,412,0,0
4481940,339,316,379,0,0
4482876,347,319,387,0,0
4483812,349,312,391,0,0
4484748,344,310,406,0,0
4485680,344,318,396,0,0
4486616,344,313,391,0,0
4487552,340,313,403,0,0
4488488,339,313,393,0,0
4489420,343,311,391,0,0
4490356,346,317,408,0,0
4491292,335,315,394,0,0
4492228,337,317,390,0,0
4493160,333,306,406,0,0
4494096,329,318,391,0,0
4495032,334,315,390,0,0
4495968,342,317,384,0,0
4496900,350,312,391,0,0
4497836,344,307,393,0,0
4498772,345,303,388,0,0
4499708,352,308,393,0,0
4500640,348,313,399,0,0
4501576,347,313,396,0,0
4502512,344,312,407,0,0
4503448,350,316,398,0,0
4504380,344,318,388,0,0
4505316,348,318,396,0,0
4506252,343,319,404,0,0
4507188,347,307,392,0,0
4508120,355,317,394,0,0
4509056,347,297,393,0,0
4509992,352,321,403,0,0
4510928,360,336,378,0,0
4511860,358,323,415,0,0
4512796,355,326,416,0,0
4513732,368,315,382,0,0
4514668,365,315,403,0,0
4515600,342,307,399,0,0
4516536,319,312,393,0,0
4517472,323,311,379,0,0
4518408,323,315,404,0,0
4519340,340,312,391,0,0
4520276,339,305,408,0,0
4521212,327,294,376,0,0
4522148,352,324,403,0,0
4523080,359,312,392,0,0
4524016,339,316,409,0,0
4524952,313,313,383,0,0
4525888,313,311,385,0,0
4526820,323,311,406,0,0
4527756,323,307,397,0,0
4528692,327,310,380,0,0
4529628,347,312,390,0,0
4530560,353,324,391,0,0
4531496,319,318,382,0,0
4532432,312,311,391,0,0
4533368,317,304,403,0,0
4534300,334,323,396,0,0
4535236,344,297,399,0,0
4536172,344,317,404,0,0
4537108,352,317,387,0,0
4538040,359,310,388,0,0
4538976,351,315,403,0,0
4539912,331,310,384,0,0
4540848,347,308,389,0,0
4541780,335,304,394,0,0
4542716,333,303,390,0,0
4543652,327,307,388,0,0
4544588,345,319,390,0,0
4545520,348,312,403,0,0
4546456,340,312,407,0,0
4547392,332,304,395,0,0
4548328,337,312,377,0,0
4549260,342,307,401,0,0
4550196,330,312,402,0,0
4551132,327,308,385,0,0
4552068,348,313,396,0,0
4553000,362,316,380,0,0
4553936,351,305,412,0,0
4554872,337,316,415,0,0
4555808,322,319,383,0,0
4556740,327,316,399,0,0
4557676,341,318,382,0,0
4558612,350,306,401,0,0
4559548,337,313,406,0,0
4560480,337,316,379,0,0
4561416,356,331,391,0,0
4562352,350,299,376,0,0
4563288,350,311,408,0,0
4564220,338,305,399,0,0
4565156,332,312,398,0,0
4566092,342,312,380,0,0
4567028,350,300,390,0,0
4567960,350,318,405,0,0
4568896,356,315,387,0,0
4569832,352,310,395,0,0
4570768,329,314,409,0,0
4571700,329,312,385,0,0
4572636,323,316,414,0,0
4573572,321,308,388,0,0
4574508,329,309,386,0,0
4575440,345,308,387,0,0
4576376,354,317,398,0,0
4577312,360,319,404,0,0
4578248,342,316,387,0,0
4579180,344,322,387,0,0
4580116,339,312,398,0,0
4581052,339,310,399,0,0
4581988,344,317,403,0,0
4582920,348,311,394,0,0
4583856,345,309,392,0,0
4584792,348,323,383,0,0
4585728,350,318,403,0,0
4586660,330,304,408,0,0
4587596,318,313,388,0,0
4588532,339,316,399,0,0
4589468,344,295,392,0,0
4590400,350,315,387,0,0
4591336,348,323,385,0,0
4592272,348,315,401,0,0
4593208,332,302,404,0,0
4594140,335,310,379,0,0
4595076,355,307,384,0,0
4596012,356,326,406,0,0
4596948,335,324,404,0,0
4597880,311,307,385,0,0
4598816,317,310,386,0,0
4599752,350,304,406,0,0
4600688,363,313,402,0,0
4601620,371,333,366,0,0
4602556,365,300,380,0,0
4603492,344,308,403,0,0
4604428,327,307,391,0,0
4605360,332,313,395,0,0
4606296,339,312,404,0,0
4607232,354,322,396,0,0
4608168,351,315,408,0,0
4609100,359,323,390,0,0
4610036,332,305,399,0,0
4610972,310,299,407,0,0
4611908,318,319,408,0,0
4612840,327,307,399,0,0
4613776,339,308,385,0,0
4614712,339,316,399,0,0
4615648,343,312,390,0,0
4616580,334,314,391,0,0
4617516,326,307,387,0,0
4618452,327,313,397,0,0
4619388,331,305,399,0,0
4620320,332,309,403,0,0
4621256,333,312,393,0,0
4622192,351,321,404,0,0
4623128,352,308,391,0,0
4624060,352,311,384,0,0
4624996,351,316,395,0,0
4625932,339,305,396,0,0
4626868,321,303,391,0,0
4627800,313,306,398,0,0
4628736,315,304,380,0,0
4629672,332,312,391,0,0
4630608,355,316,403,0,0
4631540,353,319,382,0,0
4632476,348,312,406,0,0
4633412,327,314,393,0,0
4634348,327,305,397,0,0
4635280,327,310,398,0,0
4636216,332,311,393,0,0
4637152,347,307,386,0,0
4638088,342,304,380,0,0
4639020,347,310,399,0,0
4639956,340,316,390,0,0
4640892,344,321,401,0,0
4641828,337,312,404,0,0
4642760,327,312,399,0,0
4643696,326,312,397,0,0
4644632,332,313,395,0,0
4645568,334,310,399,0,0
4646500,326,303,402,0,0
4647436,335,317,387,0,0
4648372,341,312,400,0,0
4649308,335,312,403,0,0
4650240,337,318,395,0,0
4651176,344,316,388,0,0
4652112,340,307,390,0,0
4653048,349,318,398,0,0
4653980,345,306,392,0,0
4654916,346,309,396,0,0
4656788,350,307,394,0,0
4657720,347,310,401,0,0
4658656,339,316,387,0,0
4659592,339,312,397,0,0
4660528,335,311,401,0,0
4661460,327,297,382,0,0
4662396,356,311,376,0,0
4663332,345,312,387,0,0
4664268,327,308,395,0,0
4665200,326,315,403,0,0
4666136,331,316,393,0,0
4667072,338,312,393,0,0
4668008,335,310,391,0,0
4668940,348,317,399,0,0
4669876,343,312,391,0,0
4670812,342,305,405,0,0
4671748,344,331,412,0,0
4672680,347,327,403,0,0
4673616,353,312,394,0,0
4674552,350,312,403,0,0
4675488,344,312,396,0,0
4676420,339,319,391,0,0
4677356,339,316,395,0,0
4678292,334,307,403,0,0
4679228,334,313,391,0,0
4680160,337,316,391,0,0
4681096,350,304,384,0,0
4682032,352,312,400,0,0
4682968,346,316,399,0,0
4683900,340,313,397,0,0
4684836,342,314,399,0,0
4685772,340,311,395,0,0
4686708,348,318,398,0,0
4687640,352,316,398,0,0
4688576,335,310,393,0,0
4689512,335,312,388,0,0
4690448,340,307,391,0,0
4691380,339,310,391,0,0
4692316,338,305,387,0,0
4693252,344,312,399,0,0
4694188,347,312,388,0,0
4695120,349,318,398,0,0
4696056,342,307,391,0,0
4696992,348,306,391,0,0
4697928,350,315,393,0,0
4698860,356,312,384,0,0
4699796,344,315,404,0,0
4700732,344,319,403,0,0
4701668,331,306,384,0,0
4702600,327,308,390,0,0
4703536,329,307,399,0,0
4704472,339,311,391,0,0
4705408,350,316,388,0,0
4706340,339,310,387,0,0
4707276,332,312,388,0,0
4708212,344,313,390,0,0
4709148,348,308,400,0,0
4710080,339,307,399,0,0
4711016,337,311,395,0,0
4711952,344,326,400,0,0
4712888,345,307,379,0,0
4713820,359,313,396,0,0
4714756,353,312,399,0,0
4715692,345,323,399,0,0
4716628,338,312,385,0,0
4717560,328,304,395,0,0
4718496,332,303,391,0,0
4719432,339,307,397,0,0
4720368,347,312,397,0,0
4722236,339,318,381,0,0
4723172,329,312,390,0,0
4724108,331,312,391,0,0
4725040,336,299,396,0,0
4725976,347,316,390,0,0
4726912,353,303,391,0,0
4727848,355,316,403,0,0
4728780,358,323,399,0,0
4729716,356,319,396,0,0
4730652,345,318,412,0,0
4731588,330,312,412,0,0
4732520,345,312,388,0,0
4733456,343,306,401,0,0
4734392,335,306,391,0,0
4735328,340,313,384,0,0
4736260,352,318,390,0,0
4737196,355,313,391,0,0
4738132,342,300,396,0,0
4739068,335,319,399,0,0
4740000,340,315,404,0,0
4740936,327,310,399,0,0
4741872,326,318,380,0,0
4742808,305,307,391,0,0
4743740,299,311,399,0,0
4744676,308,307,391,0,0
4745612,331,316,399,0,0
4746548,339,307,393,0,0
4747480,352,307,387,0,0
4748416,361,323,396,0,0
4749352,358,319,386,0,0
4750288,344,316,380,0,0
4751220,332,308,397,0,0
4752156,321,311,391,0,0
4753092,318,312,390,0,0
4754028,339,316,395,0,0
4754960,355,313,398,0,0
4755896,339,312,413,0,0
4756832,338,325,389,0,0
4757768,323,308,391,0,0
4758700,322,310,403,0,0
4759636,313,311,398,0,0
4760572,339,319,369,0,0
4761508,359,319,414,0,0
4762440,364,323,403,0,0
4763376,350,319,398,0,0
4764312,342,312,391,0,0
4765248,335,312,396,0,0
4766180,338,315,393,0,0
4767116,343,312,386,0,0
4768052,342,312,388,0,0
4768988,335,312,391,0,0
4769920,335,311,390,0,0
4770856,352,317,366,0,0
4771792,347,316,406,0,0
4772728,348,322,409,0,0
4773660,327,308,396,0,0
4774596,336,318,390,0,0
4775532,344,316,397,0,0
4776468,347,310,392,0,0
4777400,347,311,391,0,0
4778336,340,317,406,0,0
4779272,339,321,391,0,0
4780208,327,302,384,0,0
4781140,331,308,396,0,0
4782076,342,327,404,0,0
4783012,344,313,384,0,0
4783948,345,307,384,0,0
4784880,341,307,399,0,0
4785816,347,319,395,0,0
4787688,347,323,412,0,0
4788620,345,316,399,0,0
4789556,345,312,382,0,0
4790492,350,311,404,0,0
4791428,342,304,401,0,0
4792360,323,307,391,0,0
4793296,326,312,389,0,0
4794232,341,316,387,0,0
4795168,344,308,402,0,0
4796100,334,311,396,0,0
4797036,324,312,390,0,0
4797972,328,304,385,0,0
4798908,338,304,387,0,0
4799840,352,319,408,0,0
4800776,353,321,401,0,0
4801712,344,300,382,0,0
4802648,344,304,390,0,0
4803580,347,317,395,0,0
4804516,349,318,402,0,0
4805452,348,313,393,0,0
4806388,352,319,395,0,0
4807320,353,318,405,0,0
4808256,344,316,412,0,0
4809192,335,312,403,0,0
4810128,343,307,382,0,0
4811060,363,308,374,0,0
4811996,375,311,391,0,0
4812932,355,312,379,0,0
4813868,343,319,393,0,0
4814800,319,312,392,0,0
4815736,312,300,398,0,0
4816672,321,311,398,0,0
4817608,340,319,404,0,0
4818540,369,319,385,0,0
4819476,361,308,403,0,0
4820412,356,325,403,0,0
4821348,332,299,371,0,0
4822280,327,308,380,0,0
4823216,342,312,394,0,0
4824152,344,298,386,0,0
4825092,335,316,391,0,0
4826020,343,329,379,0,0
4826956,337,322,398,0,0
4827892,339,315,399,0,0
4828828,340,307,395,0,0
4829760,333,304,391,0,0
4830696,351,315,398,0,0
4831632,344,299,377,0,0
4832568,341,313,397,0,0
4833500,340,319,399,0,0
4834436,358,315,386,0,0
4835372,356,310,405,0,0
4836308,339,319,403,0,0
4837240,330,314,390,0,0
4838176,323,307,391,0,0
4839112,332,313,391,0,0
4840048,340,307,401,0,0
4840980,348,315,384,0,0
4841916,352,320,410,0,0
4842852,349,317,388,0,0
4843788,339,303,391,0,0
4844720,328,304,401,0,0
4845656,327,312,388,0,0
4846596,337,315,399,0,0
4847528,350,316,406,0,0
4848460,344,312,392,0,0
4849396,338,321,399,0,0
4850332,340,319,387,0,0
4851268,337,308,406,0,0
4852200,331,312,387,0,0
4853136,334,311,399,0,0
4854072,327,312,397,0,0
4855008,334,314,393,0,0
4855940,336,315,398,0,0
4856876,348,318,393,0,0
4857812,343,310,388,0,0
4858748,318,310,408,0,0
4859680,318,312,393,0,0
4860616,326,315,384,0,0
4861552,344,327,417,0,0
4862488,338,318,414,0,0
4863420,335,314,399,0,0
4864356,345,315,401,0,0
4865292,343,307,388,0,0
4866228,342,310,398,0,0
4867160,337,311,385,0,0
4868104,337,318,387,0,0
4869032,336,308,396,0,0
4869968,329,312,395,0,0
4870900,345,321,402,0,0
4871836,339,312,403,0,0
4872772,345,319,406,0,0
4873708,334,311,396,0,0
4874640,348,318,388,0,0
4875576,348,313,395,0,0
4876512,345,316,399,0,0
4877448,332,316,403,0,0
4878380,319,309,391,0,0
4879316,332,312,396,0,0
4880252,344,316,403,0,0
4881188,341,305,380,0,0
4882120,356,324,398,0,0
4883056,339,316,393,0,0
4883992,327,307,401,0,0
4884928,335,316,391,0,0
4885860,345,308,396,0,0
4886796,344,307,392,0,0
4887732,352,316,391,0,0
4888668,342,302,385,0,0
4889608,354,319,387,0,0
4890536,354,315,396,0,0
4891472,352,305,396,0,0
4892408,339,322,380,0,0
4893340,339,313,399,0,0
4894276,340,312,391,0,0
4895212,349,312,377,0,0
4896148,367,319,399,0,0
4897080,352,316,400,0,0
4898016,327,312,401,0,0
4898952,316,309,392,0,0
4899888,323,307,396,0,0
4900820,321,305,410,0,0
4901756,335,312,398,0,0
4902692,339,304,387,0,0
4903628,344,305,382,0,0
4904560,348,311,388,0,0
4905496,343,307,392,0,0
4906432,339,306,389,0,0
4907368,337,311,396,0,0
4908300,344,315,399,0,0
4909236,355,313,387,0,0
4910172,352,308,396,0,0
4911112,325,315,415,0,0
4912040,341,313,386,0,0
4912976,337,321,417,0,0
4913912,345,307,390,0,0
4914848,352,316,391,0,0
4915780,359,313,398,0,0
4916716,351,315,399,0,0
4917652,347,313,399,0,0
4918588,345,319,400,0,0
4919520,339,308,391,0,0
4920456,335,312,396,0,0
4921392,343,312,415,0,0
4922328,338,295,385,0,0
4923260,340,314,385,0,0
4924196,345,316,385,0,0
4925132,342,314,396,0,0
4926068,343,319,391,0,0
4927000,344,307,401,0,0
4927936,340,310,395,0,0
4928872,345,316,396,0,0
4929808,339,315,401,0,0
4930740,332,316,396,0,0
4931676,344,327,407,0,0
4932616,350,312,390,0,0
4933548,335,310,396,0,0
4934480,348,310,391,0,0
4935416,343,312,395,0,0
4936352,344,312,393,0,0
4937288,344,313,390,0,0
4938220,337,311,393,0,0
4939156,339,316,394,0,0
4940092,342,312,399,0,0
4941028,355,312,395,0,0
4941960,355,306,387,0,0
4942896,348,310,398,0,0
4943832,345,312,397,0,0
4944768,336,307,401,0,0
4945700,335,311,393,0,0
4946636,338,312,395,0,0
4947572,344,317,395,0,0
4948508,336,306,401,0,0
4949440,332,313,404,0,0
4950376,332,313,401,0,0
4951312,344,308,403,0,0
4952248,339,306,411,0,0
4953180,344,315,397,0,0
4954124,348,307,388,0,0
4955052,344,305,391,0,0
4955988,348,303,381,0,0
4956920,371,326,401,0,0
4957856,356,316,392,0,0
4958792,344,318,399,0,0
4959728,337,316,403,0,0
4960660,340,323,414,0,0
4961596,355,315,401,0,0
4962532,343,307,393,0,0
4963468,348,307,391,0,0
4964400,355,320,390,0,0
4965336,354,319,399,0,0
4966272,344,310,400,0,0
4967208,317,316,384,0,0
4968140,320,304,391,0,0
4969076,322,305,403,0,0
4970012,316,314,396,0,0
4970948,337,323,399,0,0
4971880,361,319,399,0,0
4972816,335,312,397,0,0
4973752,340,312,386,0,0
4974688,327,303,399,0,0
4975628,311,312,390,0,0
4976556,316,310,381,0,0
4977492,345,319,407,0,0
4978428,347,318,399,0,0
4979360,338,306,384,0,0
4980296,344,318,396,0,0
4981232,353,321,422,0,0
4982168,332,305,385,0,0
4983100,326,317,387,0,0
4984036,343,312,391,0,0
4984972,339,313,403,0,0
4985908,333,316,397,0,0
4986840,334,307,398,0,0
4987776,346,318,391,0,0
4988712,353,318,395,0,0
4989648,327,300,399,0,0
4990580,315,321,408,0,0
4991516,334,317,380,0,0
4992452,355,315,393,0,0
4993388,355,312,399,0,0
4994320,344,317,397,0,0
4995256,332,305,391,0,0
4996192,327,314,404,0,0
4997132,334,307,380,0,0
4998060,342,316,390,0,0
4998996,355,310,376,0,0
4999932,345,310,408,0,0
5000868,339,312,408,0,0
5001800,332,307,380,0,0
5002736,339,319,396,0,0
5003672,337,309,406,0,0
5004608,334,316,387,0,0
5005540,344,313,393,0,0
5006476,340,315,403,0,0
5007412,345,318,395,0,0
5008348,345,310,406,0,0
5009280,340,316,398,0,0
5010216,339,319,395,0,0
5011152,332,305,417,0,0
5012088,345,307,376,0,0
5013020,344,327,408,0,0
5013956,333,312,381,0,0
5014892,345,313,384,0,0
5015828,342,312,395,0,0
5016760,344,313,398,0,0
5017696,345,311,400,0,0
5018636,326,307,409,0,0
5019568,319,313,393,0,0
5020500,334,313,383,0,0
5021436,344,307,396,0,0
5022372,359,327,398,0,0
5023308,341,312,399,0,0
5024240,335,316,390,0,0
5025176,335,309,387,0,0
5026112,335,307,391,0,0
5027048,344,313,384,0,0
5027980,355,319,384,0,0
5028916,352,305,384,0,0
5029852,351,313,395,0,0
5030788,335,308,391,0,0
5031720,334,314,413,0,0
5032656,332,304,407,0,0
5033592,332,312,396,0,0
5034528,337,312,391,0,0
5035460,342,310,389,0,0
5036396,355,317,402,0,0
5037332,358,312,391,0,0
5038268,350,304,387,0,0
5039200,344,316,401,0,0
5040144,335,316,391,0,0
5041072,331,311,392,0,0
5042008,332,310,403,0,0
5042940,347,319,390,0,0
5043876,344,307,396,0,0
5044812,332,304,387,0,0
5045748,335,311,396,0,0
5046680,345,312,407,0,0
5047616,337,313,401,0,0
5048552,348,316,387,0,0
5049488,352,310,400,0,0
5050420,359,315,403,0,0
5051356,352,323,380,0,0
5052292,339,309,406,0,0
5053228,332,316,393,0,0
5054160,337,318,384,0,0
5055096,335,300,396,0,0
5056032,339,318,403,0,0
5056968,339,305,384,0,0
5057900,366,315,388,0,0
5058836,358,308,407,0,0
5059772,349,316,395,0,0
5060708,348,318,380,0,0
5061648,323,312,406,0,0
5062576,327,311,391,0,0
5063512,342,304,385,0,0
5064448,345,300,395,0,0
5065380,346,313,391,0,0
5066316,347,324,384,0,0
5067252,334,319,399,0,0
5068188,332,316,401,0,0
5069120,334,306,389,0,0
5070056,331,312,402,0,0
5070992,333,314,409,0,0
5071928,359,321,390,0,0
5072860,356,323,421,0,0
5073796,347,312,390,0,0
5074732,350,316,390,0,0
5075668,351,307,399,0,0
5076600,344,308,387,0,0
5077536,335,312,395,0,0
5078472,333,319,408,0,0
5079408,339,312,391,0,0
5080340,344,319,408,0,0
5081276,340,307,385,0,0
5082212,340,312,394,0,0
5083152,337,307,396,0,0
5084080,334,311,392,0,0
5085016,336,318,388,0,0
5085952,337,312,395,0,0
5086888,335,311,395,0,0
5087820,332,303,396,0,0
5088756,331,310,396,0,0
5089692,339,308,384,0,0
5090628,343,312,391,0,0
5091560,337,319,387,0,0
5092496,342,307,397,0,0
5093432,335,309,399,0,0
5094368,334,312,390,0,0
5095300,335,316,402,0,0
5096236,338,308,384,0,0
5097172,344,312,398,0,0
5098108,340,311,391,0,0
5099040,340,307,395,0,0
5099976,337,315,398,0,0
5100912,327,304,399,0,0
5101848,332,313,399,0,0
5102780,346,315,401,0,0
5103716,339,312,398,0,0
5104656,340,312,388,0,0
5105588,339,318,400,0,0
5106520,332,312,388,0,0
5107456,336,316,382,0,0
5108392,335,310,405,0,0
5109328,335,313,395,0,0
5110260,335,308,393,0,0
5111196,332,319,401,0,0
5112132,341,312,376,0,0
5113068,358,322,382,0,0
5114000,345,312,391,0,0
5114936,337,312,391,0,0
5115872,339,315,391,0,0
5116808,344,312,393,0,0
5117740,338,314,400,0,0
5118676,335,312,387,0,0
5119612,334,316,401,0,0
5120548,334,311,396,0,0
5121480,344,323,408,0,0
5122416,339,316,395,0,0
5123352,338,313,391,0,0
5124288,344,315,399,0,0
5125220,339,313,396,0,0
5126164,335,311,395,0,0
5127092,335,316,402,0,0
5128028,335,315,399,0,0
5128960,342,318,403,0,0
5129896,342,310,387,0,0
5130832,334,316,416,0,0
5131768,344,313,389,0,0
5132700,340,318,408,0,0
5133636,346,307,397,0,0
5134572,340,316,401,0,0
5135508,337,308,396,0,0
5136440,338,313,384,0,0
5137376,336,311,393,0,0
5138312,342,313,396,0,0
5139248,342,318,403,0,0
5140180,344,316,399,0,0
5141116,344,318,394,0,0
5142052,338,315,403,0,0
5142988,337,307,404,0,0
5143920,344,313,387,0,0
5144856,342,308,397,0,0
5145792,342,318,391,0,0
5146728,344,316,402,0,0
5147668,348,313,390,0,0
5148596,344,312,393,0,0
5149532,347,314,391,0,0
5150468,352,315,386,0,0
5151400,355,316,403,0,0
5152336,341,312,401,0,0
5153272,333,308,387,0,0
5154208,334,318,390,0,0
5155140,342,311,384,0,0
5156076,348,310,397,0,0
5157012,344,306,391,0,0
5157948,344,309,391,0,0
5158880,339,312,399,0,0
5159816,340,316,399,0,0
5160752,342,310,391,0,0
5161688,352,319,403,0,0
5162620,356,326,396,0,0
5163556,342,318,403,0,0
5164492,343,312,391,0,0
5165428,344,313,399,0,0
5166360,345,316,399,0,0
5167296,355,312,391,0,0
5168232,355,312,398,0,0
5169172,343,312,396,0,0
5170100,335,312,393,0,0
5171036,339,318,409,0,0
5171972,344,316,398,0,0
5172908,355,323,384,0,0
5173840,348,308,393,0,0
5174776,348,313,391,0,0
5175712,352,321,399,0,0
5176648,350,307,396,0,0
5177580,349,316,390,0,0
5178516,338,318,388,0,0
5179452,340,321,407,0,0
5180388,335,305,396,0,0
5181320,337,305,390,0,0
5182256,342,315,391,0,0
5183192,346,311,395,0,0
5184128,344,315,384,0,0
5185060,353,311,393,0,0
5185996,351,306,392,0,0
5186932,353,312,380,0,0
5187868,353,319,390,0,0
5188800,344,310,390,0,0
5189736,334,318,396,0,0
5190676,323,307,387,0,0
5191608,325,311,387,0,0
5192540,335,310,387,0,0
5193476,348,307,390,0,0
5194412,361,316,395,0,0
5195348,359,316,397,0,0
5196280,347,318,399,0,0
5197216,343,318,399,0,0
5198152,335,312,406,0,0
5199088,335,307,396,0,0
5200020,335,308,385,0,0
5200956,352,319,401,0,0
5201892,347,312,390,0,0
5202828,348,312,389,0,0
5203760,341,313,396,0,0
5204696,344,316,390,0,0
5205632,340,313,401,0,0
5206568,332,312,393,0,0
5207500,335,310,395,0,0
5208436,335,319,397,0,0
5209372,331,307,400,0,0
5210308,329,315,403,0,0
5211240,343,319,404,0,0
5212180,352,319,396,0,0
5213112,337,305,380,0,0
5214048,342,312,397,0,0
5214980,344,315,387,0,0
5215916,338,308,393,0,0
5216852,333,310,391,0,0
5217788,329,312,396,0,0
5218720,338,319,397,0,0
5219656,340,304,393,0,0
5220592,340,311,391,0,0
5221528,340,307,379,0,0
5222460,345,327,406,0,0
5223396,335,307,391,0,0
5224332,342,316,384,0,0
5225268,343,315,403,0,0
5226200,345,308,397,0,0
5227136,349,307,387,0,0
5228072,336,307,399,0,0
5229008,323,306,385,0,0
5229940,332,308,399,0,0
5230876,339,307,393,0,0
5231812,342,316,399,0,0
5232748,338,312,406,0,0
5233684,335,313,412,0,0
5234616,332,321,399,0,0
5235552,337,311,396,0,0
5236488,350,311,387,0,0
5237420,351,316,396,0,0
5238356,357,318,399,0,0
5239292,347,319,400,0,0
5240228,343,312,391,0,0
5241160,351,312,406,0,0
5242096,347,318,391,0,0
5243032,344,313,393,0,0
5243968,343,315,404,0,0
5244900,334,311,408,0,0
5245836,332,313,395,0,0
5246772,323,310,400,0,0
5247708,335,316,387,0,0
5248640,351,307,386,0,0
5249576,352,311,398,0,0
5250512,340,311,391,0,0
5251448,344,327,419,0,0
5252380,327,313,419,0,0
5253316,327,307,412,0,0
5254252,327,309,384,0,0
5255188,342,310,391,0,0
5256120,347,316,401,0,0
5257056,348,314,387,0,0
5257992,344,316,399,0,0
5258928,334,312,398,0,0
5259860,332,311,391,0,0
5260796,339,305,374,0,0
5261732,342,306,367,0,0
5262668,347,313,387,0,0
5263600,353,312,389,0,0
5264536,344,308,387,0,0
5265472,329,310,396,0,0
5266408,319,309,403,0,0
5267340,322,312,399,0,0
5268276,321,304,397,0,0
5269212,332,316,398,0,0
5270148,345,310,391,0,0
5271080,344,302,387,0,0
5272016,339,310,383,0,0
5272952,344,315,393,0,0
5273888,347,307,396,0,0
5274820,353,310,389,0,0
5275756,349,312,399,0,0
5276692,344,313,398,0,0
5277628,344,310,384,0,0
5278560,349,317,395,0,0
5279496,344,304,391,0,0
5280432,335,312,393,0,0
5281368,335,305,386,0,0
5282300,329,307,385,0,0
5283236,334,316,399,0,0
5284172,339,316,393,0,0
5285108,332,308,393,0,0
5286040,342,308,387,0,0
5286976,347,312,391,0,0
5287912,335,301,384,0,0
5288848,324,304,386,0,0
5289780,335,310,380,0,0
5290716,344,310,386,0,0
5291652,335,312,396,0,0
5292588,335,310,389,0,0
5293520,340,312,388,0,0
5294456,355,318,388,0,0
5295392,355,316,385,0,0
5296328,358,313,388,0,0
5297260,352,311,391,0,0
5298196,344,314,403,0,0
5299132,318,308,399,0,0
5300068,329,312,398,0,0
5301000,335,313,387,0,0
5301936,348,312,393,0,0
5302872,342,310,384,0,0
5303808,343,312,389,0,0
5304740,343,310,395,0,0
5305676,339,305,395,0,0
5306612,339,313,399,0,0
5307548,344,305,391,0,0
5308480,339,305,388,0,0
5309416,339,307,396,0,0
5310352,337,312,387,0,0
5311288,347,323,400,0,0
5312220,347,311,392,0,0
5313156,361,327,398,0,0
5314092,344,313,391,0,0
5315028,341,309,395,0,0
5315960,344,307,394,0,0
5316896,350,318,403,0,0
5317832,350,312,396,0,0
5318768,346,316,399,0,0
5319700,335,310,391,0,0
5320636,337,309,387,0,0
5321572,335,312,404,0,0
5322508,335,310,387,0,0
5323440,342,312,391,0,0
5324376,344,315,384,0,0
5325312,350,312,396,0,0
5326248,344,313,384,0,0
5327180,329,307,391,0,0
5328116,331,310,391,0,0
5329052,339,311,393,0,0
5329988,342,311,398,0,0
5330920,342,312,391,0,0
5331856,332,295,380,0,0
5332792,344,318,396,0,0
5333728,344,307,394,0,0
5334660,345,307,396,0,0
5335596,339,307,401,0,0
5336532,335,308,395,0,0
5337468,333,305,396,0,0
5338400,335,310,390,0,0
5339336,340,308,398,0,0
5340272,344,317,390,0,0
5341208,343,316,396,0,0
5342140,336,312,396,0,0
5343076,349,307,391,0,0
5344012,344,315,398,0,0
5344948,341,312,399,0,0
5345880,340,312,393,0,0
5346816,344,315,399,0,0
5347752,344,307,391,0,0
5348688,347,314,387,0,0
5349620,345,319,391,0,0
5350556,342,310,398,0,0
5351492,350,311,395,0,0
5352428,336,305,385,0,0
5353360,344,316,391,0,0
5354296,345,315,396,0,0
5355232,345,315,396,0,0
5356168,344,310,391,0,0
5357100,339,316,396,0,0
5358036,339,318,396,0,0
5358972,346,313,399,0,0
5359908,339,309,396,0,0
5360840,337,311,387,0,0
5361776,339,308,402,0,0
5362712,356,323,402,0,0
5363648,337,313,398,0,0
5364580,345,313,396,0,0
5365516,354,312,387,0,0
5366452,355,313,395,0,0
5367388,351,317,394,0,0
5368320,341,310,391,0,0
5369256,337,308,391,0,0
5370192,329,313,390,0,0
5371128,337,319,396,0,0
5372060,338,302,376,0,0
5372996,352,310,393,0,0
5373932,346,315,396,0,0
5374868,341,312,387,0,0
5375800,344,312,399,0,0
5377672,337,312,391,0,0
5378608,335,308,395,0,0
5379540,340,308,391,0,0
5380476,340,305,379,0,0
5381412,343,310,399,0,0
5382348,344,313,384,0,0
5383280,344,316,393,0,0
5384216,347,317,396,0,0
5385152,355,311,387,0,0
5386088,352,313,396,0,0
5387020,351,311,390,0,0
5387956,342,307,380,0,0
5388892,347,317,411,0,0
5389828,331,312,387,0,0
5390760,332,316,388,0,0
5391696,331,311,396,0,0
5392632,330,310,399,0,0
5393568,344,316,388,0,0
5394500,340,312,407,0,0
5395436,339,313,396,0,0
5396372,337,314,399,0,0
5397308,339,315,387,0,0
5398240,342,304,399,0,0
5399176,339,313,390,0,0
5400112,335,313,399,0,0
5401048,342,314,396,0,0
5401980,344,316,407,0,0
5402916,340,318,393,0,0
5403852,342,317,387,0,0
5404788,331,305,395,0,0
5405720,327,312,396,0,0
5406656,329,312,380,0,0
5407592,342,313,398,0,0
5408528,339,307,395,0,0
5409460,333,311,388,0,0
5410396,335,315,387,0,0
5411332,342,318,404,0,0
5412268,332,297,369,0,0
5413200,350,319,402,0,0
5414136,352,312,395,0,0
5415072,339,308,398,0,0
5416008,337,316,398,0,0
5416940,331,311,399,0,0
5417876,326,316,401,0,0
5418812,329,311,391,0,0
5419748,339,313,385,0,0
5420680,343,321,408,0,0
5421616,347,318,404,0,0
5422552,346,319,375,0,0
5423488,337,315,391,0,0
5424420,340,312,394,0,0
5425356,339,310,393,0,0
5426292,335,305,387,0,0
5427228,327,311,396,0,0
5428160,334,316,400,0,0
5429096,335,315,390,0,0
5430032,343,318,403,0,0
5430968,330,312,412,0,0
5431900,333,307,382,0,0
5432836,340,319,419,0,0
5433772,344,312,396,0,0
5434708,342,313,399,0,0
5435640,342,312,399,0,0
5436576,344,307,395,0,0
5437512,335,304,384,0,0
5438448,335,317,393,0,0
5439380,334,312,398,0,0
5440316,337,305,391,0,0
5441252,345,321,374,0,0
5443120,336,311,399,0,0
5444056,348,307,387,0,0
5444992,345,310,388,0,0
5445928,345,315,397,0,0
5446860,339,308,399,0,0
5447796,335,307,391,0,0
5448732,335,312,390,0,0
5449668,335,308,384,0,0
5450600,350,310,389,0,0
5451536,347,318,385,0,0
5452472,348,312,402,0,0
5453408,350,316,384,0,0
5454340,348,312,393,0,0
5455276,339,307,396,0,0
5456212,332,312,396,0,0
5457148,335,315,384,0,0
5458080,340,309,396,0,0
5459016,344,307,397,0,0
5459952,344,311,396,0,0
5460888,339,307,393,0,0
5461820,334,319,406,0,0
5462756,342,301,380,0,0
5463692,348,312,397,0,0
5464628,345,310,398,0,0
5465560,342,316,391,0,0
5466496,335,309,398,0,0
5467432,342,318,399,0,0
5468368,345,310,391,0,0
5469300,348,308,395,0,0
5470236,344,308,392,0,0
5471172,342,323,379,0,0
5472108,347,317,384,0,0
5473040,347,306,391,0,0
5473976,345,311,391,0,0
5474912,345,316,396,0,0
5475848,339,308,396,0,0
5476780,345,312,397,0,0
5477716,342,311,398,0,0
5478652,332,306,390,0,0
5479588,332,316,398,0,0
5480520,339,312,399,0,0
5481456,341,316,391,0,0
5482392,344,313,385,0,0
5483328,352,311,391,0,0
5484260,351,309,383,0,0
5485196,350,318,384,0,0
5486132,344,310,391,0,0
5487068,343,307,394,0,0
5488000,351,319,398,0,0
5488936,342,305,384,0,0
5489872,344,315,391,0,0
5490808,335,303,382,0,0
5491740,334,307,385,0,0
5492676,327,308,398,0,0
5493612,335,312,399,0,0
5494548,349,319,387,0,0
5495480,352,318,396,0,0
5496416,349,317,407,0,0
5497352,339,312,387,0,0
5498288,337,304,380,0,0
5499220,348,313,390,0,0
5500156,350,316,403,0,0
5501092,344,307,396,0,0
5502028,343,314,402,0,0
5502960,347,299,393,0,0
5503896,343,311,388,0,0
5504832,344,315,396,0,0
5505768,335,311,391,0,0
5506700,335,311,396,0,0
5508572,355,310,393,0,0
5509508,347,315,407,0,0
5510440,342,319,399,0,0
5511376,348,323,401,0,0
5512312,348,323,404,0,0
5513248,350,304,369,0,0
5514180,335,306,399,0,0
5515116,332,307,390,0,0
5516052,343,315,391,0,0
5516988,345,315,388,0,0
5517920,342,316,390,0,0
5518856,329,313,406,0,0
5519792,333,312,401,0,0
5520728,340,307,386,0,0
5521660,333,311,388,0,0
5522596,353,319,411,0,0
5523532,340,314,409,0,0
5524468,331,312,399,0,0
5525400,336,314,384,0,0
5526336,339,312,388,0,0
5527272,344,311,391,0,0
5528208,345,312,401,0,0
5529140,350,315,384,0,0
5530076,361,315,404,0,0
5531012,345,312,390,0,0
5531948,353,310,384,0,0
5532880,339,309,403,0,0
5533816,332,310,385,0,0
5534752,342,313,396,0,0
5535688,340,312,389,0,0
5536620,339,313,390,0,0
5537556,343,313,391,0,0
5538492,352,312,388,0,0
5539428,339,305,384,0,0
5540360,335,305,404,0,0
5541296,324,327,380,0,0
5542232,334,315,400,0,0
5543168,344,316,401,0,0
5544100,353,313,396,0,0
5545036,340,312,419,0,0
5545972,323,318,396,0,0
5546908,326,313,384,0,0
5547840,334,312,387,0,0
5548776,340,308,401,0,0
5549712,327,316,399,0,0
5550648,319,308,388,0,0
5551580,332,307,399,0,0
5552516,327,310,409,0,0
5553452,347,318,395,0,0
5554388,353,311,399,0,0
5555320,353,315,388,0,0
5556256,348,310,387,0,0
5557192,335,312,396,0,0
5558128,333,310,401,0,0
5559060,334,311,391,0,0
5559996,334,312,391,0,0
5560932,331,316,387,0,0
5561868,323,303,404,0,0
5562800,346,324,412,0,0
5563736,337,305,387,0,0
5564672,335,315,398,0,0
5565608,334,307,386,0,0
5566540,335,313,391,0,0
5567476,352,316,384,0,0
5568412,352,313,403,0,0
5569348,345,311,390,0,0
5570280,345,316,385,0,0
5571216,344,316,387,0,0
5572152,343,321,403,0,0
5573088,343,297,395,0,0
5574020,348,304,391,0,0
5574956,337,302,399,0,0
5575892,342,316,382,0,0
5576828,352,313,390,0,0
5577760,358,318,391,0,0
5578696,368,323,391,0,0
5579632,369,308,374,0,0
5580568,363,313,401,0,0
5581500,329,312,408,0,0
5582436,311,318,413,0,0
5583372,316,300,393,0,0
5584308,338,306,404,0,0
5585240,342,312,393,0,0
5586176,339,311,384,0,0
5587112,344,319,393,0,0
5588048,361,321,409,0,0
5588980,353,312,401,0,0
5589916,327,307,402,0,0
5590852,313,315,393,0,0
5591788,327,312,400,0,0
5592720,346,321,382,0,0
5593656,350,315,393,0,0
5594592,343,316,397,0,0
5595528,338,313,390,0,0
5596460,339,308,382,0,0
5597396,342,306,396,0,0
5598332,344,313,387,0,0
5599268,335,312,391,0,0
5600200,339,304,395,0,0
5601136,348,310,390,0,0
5602072,348,319,390,0,0
5603008,339,314,411,0,0
5603940,342,304,396,0,0
5604876,350,314,385,0,0
5605812,353,319,393,0,0
5606748,347,309,395,0,0
5607680,335,311,399,0,0
5608616,332,304,396,0,0
5609552,332,310,395,0,0
5610488,345,310,393,0,0
5611420,350,319,390,0,0
5612356,358,321,399,0,0
5613292,332,305,411,0,0
5614228,348,321,390,0,0
5615160,347,316,387,0,0
5616096,329,309,403,0,0
5617032,331,316,387,0,0
5617968,344,307,387,0,0
5618900,344,305,403,0,0
5619836,342,312,402,0,0
5620772,324,312,391,0,0
5621708,317,302,391,0,0
5622640,353,324,391,0,0
5623576,363,313,387,0,0
5624512,355,307,399,0,0
5625448,340,312,390,0,0
5626380,329,308,398,0,0
5627316,350,324,398,0,0
5628252,348,327,407,0,0
5629188,327,316,400,0,0
5630120,313,305,396,0,0
5631056,329,305,414,0,0
5631992,348,309,402,0,0
5632928,352,313,387,0,0
5633860,339,312,398,0,0
5634796,340,313,393,0,0
5635732,339,310,397,0,0
5636668,339,313,394,0,0
5637600,361,313,382,0,0
5638536,377,326,398,0,0
5639472,348,312,403,0,0
5640408,332,307,393,0,0
5641340,334,301,408,0,0
5642276,350,316,391,0,0
5643212,345,329,395,0,0
5644148,342,320,387,0,0
5645080,352,310,401,0,0
5646016,354,305,390,0,0
5646952,352,334,403,0,0
5647888,335,321,399,0,0
5648820,316,305,399,0,0
5649756,318,298,390,0,0
5650692,329,316,396,0,0
5651628,337,309,385,0,0
5652560,344,323,372,0,0
5653496,327,327,399,0,0
5654432,313,310,391,0,0
5655368,313,307,391,0,0
5656300,318,304,384,0,0
5657236,335,319,393,0,0
5658172,348,312,398,0,0
5659108,359,310,390,0,0
5660040,355,307,401,0,0
5660976,344,318,391,0,0
5661912,337,304,384,0,0
5662848,335,312,379,0,0
5663780,344,314,408,0,0
5664716,339,310,397,0,0
5665652,344,312,388,0,0
5666588,333,311,393,0,0
5667520,315,311,403,0,0
5668456,316,308,396,0,0
5669392,326,313,391,0,0
5670328,336,312,396,0,0
5671260,345,310,387,0,0
5672196,349,312,382,0,0
5673132,352,315,399,0,0
5674068,354,314,396,0,0
5675000,348,317,390,0,0
5675936,344,316,387,0,0
5676872,336,311,392,0,0
5677808,324,312,399,0,0
5678740,334,319,396,0,0
5679676,344,315,392,0,0
5680612,344,312,395,0,0
5681548,344,307,381,0,0
5682480,342,323,399,0,0
5683416,347,321,376,0,0
5684352,331,308,407,0,0
5685288,327,318,385,0,0
5686220,339,312,386,0,0
5687156,352,305,396,0,0
5688092,355,323,407,0,0
5689028,344,307,401,0,0
5689960,343,316,396,0,0
5690896,341,307,377,0,0
5691832,349,321,395,0,0
5692768,353,302,382,0,0
5693700,350,312,388,0,0
5694636,352,318,399,0,0
5695572,344,313,412,0,0
5696508,313,307,404,0,0
5697440,318,311,376,0,0
5698376,344,310,395,0,0
5699312,352,312,407,0,0
5700248,354,316,384,0,0
5701180,352,305,396,0,0
5702116,356,311,386,0,0
5703052,359,295,403,0,0
5703988,343,312,391,0,0
5704920,325,307,379,0,0
5705856,329,313,398,0,0
5706792,344,314,391,0,0
5707728,345,311,391,0,0
5708660,357,317,391,0,0
5709596,367,303,402,0,0
5710532,351,319,396,0,0
5711468,355,327,391,0,0
5712400,352,307,371,0,0
5713336,327,310,400,0,0
5714272,323,311,381,0,0
5715208,348,305,385,0,0
5716140,356,307,397,0,0
5717076,365,329,378,0,0
5718012,344,319,399,0,0
5718948,312,311,396,0,0
5719880,310,311,383,0,0
5720816,327,299,398,0,0
5721752,327,295,385,0,0
5722688,352,318,380,0,0
5723620,352,313,400,0,0
5724556,355,316,394,0,0
5725492,344,319,393,0,0
5726428,333,312,396,0,0
5727360,339,310,400,0,0
5728296,337,306,399,0,0
5729232,347,312,380,0,0
5730168,355,327,403,0,0
5731100,348,315,398,0,0
5732036,336,307,399,0,0
5732972,323,297,403,0,0
5733908,337,310,386,0,0
5734840,361,302,385,0,0
5735776,371,309,399,0,0
5736712,376,327,387,0,0
5737648,353,319,391,0,0
5738580,345,319,398,0,0
5739516,334,304,386,0,0
5740452,343,311,403,0,0
5741388,344,315,388,0,0
5742320,348,316,411,0,0
5743256,339,326,409,0,0
5744192,339,321,403,0,0
5745128,348,323,400,0,0
5746060,321,303,385,0,0
5746996,316,313,382,0,0
5747932,327,307,402,0,0
5748868,334,304,387,0,0
5749800,335,307,391,0,0
5750736,329,312,387,0,0
5751672,335,307,399,0,0
5752608,328,321,419,0,0
5753540,359,327,387,0,0
5754476,358,307,385,0,0
5755412,359,312,391,0,0
5756348,332,307,391,0,0
5757280,310,307,387,0,0
5758216,323,311,399,0,0
5759152,327,316,393,0,0
5760088,324,312,391,0,0
5761020,323,300,383,0,0
5761956,339,321,391,0,0
5762892,344,323,394,0,0
5763828,337,312,399,0,0
5764760,355,315,387,0,0
5765696,357,313,401,0,0
5766632,355,310,407,0,0
5767568,332,310,401,0,0
5768500,312,310,391,0,0
5769436,313,311,387,0,0
5770372,331,313,388,0,0
5771308,336,316,388,0,0
5772240,343,329,409,0,0
5773176,327,305,380,0,0
5774112,335,307,391,0,0
5775048,340,307,387,0,0
5775980,343,308,391,0,0
5776916,344,315,388,0,0
5777852,344,315,399,0,0
5778788,345,306,386,0,0
5779720,359,315,396,0,0
5780656,350,315,401,0,0
5781592,347,319,406,0,0
5782528,337,307,401,0,0
5783460,344,327,406,0,0
5784396,348,313,396,0,0
5785332,355,316,395,0,0
5786268,355,323,386,0,0
5787200,342,315,399,0,0
5788136,339,312,382,0,0
5789072,334,305,386,0,0
5790008,331,307,398,0,0
5790940,331,306,391,0,0
5791876,338,319,390,0,0
5792812,346,308,407,0,0
5793748,347,307,390,0,0
5794680,344,307,399,0,0
5795616,335,316,399,0,0
5796552,335,308,399,0,0
5797488,336,312,393,0,0
5798420,348,316,385,0,0
5799356,353,319,391,0,0
5800292,342,313,401,0,0
5801228,335,312,390,0,0
5802160,342,316,399,0,0
5803096,326,304,390,0,0
5804036,335,307,396,0,0
5804968,343,312,384,0,0
5805900,344,310,385,0,0
5806836,347,308,388,0,0
5807772,350,319,381,0,0
5808708,347,309,393,0,0
5809640,335,311,398,0,0
5810576,337,312,392,0,0
5811512,344,310,388,0,0
5812448,339,295,376,0,0
5813380,344,319,407,0,0
5814316,350,315,390,0,0
5815252,339,310,387,0,0
5816188,332,315,398,0,0
5817120,338,307,391,0,0
5818056,354,311,393,0,0
5818992,347,304,408,0,0
5819928,350,312,383,0,0
5820860,358,319,387,0,0
5821796,364,313,404,0,0
5822732,353,310,372,0,0
5823668,339,317,386,0,0
5824600,342,307,393,0,0
5825544,331,305,401,0,0
5826472,334,319,387,0,0
5827408,350,311,389,0,0
5828340,352,316,384,0,0
5829276,344,312,393,0,0
5830212,342,309,415,0,0
5831148,339,316,380,0,0
5832080,344,317,396,0,0
5833016,335,305,422,0,0
5833952,350,316,390,0,0
5834888,355,316,391,0,0
5835820,344,311,393,0,0
5836756,332,316,403,0,0
5837692,339,317,387,0,0
5838628,339,314,399,0,0
5839560,335,295,384,0,0
5840496,329,307,398,0,0
5841432,346,315,388,0,0
5842368,348,312,385,0,0
5843300,350,312,394,0,0
5844236,362,327,396,0,0
5845172,353,316,391,0,0
5846108,339,319,389,0,0
5847048,319,305,399,0,0
5847976,322,308,388,0,0
5848912,339,303,390,0,0
5849848,346,312,395,0,0
5850780,364,321,388,0,0
5851716,364,323,385,0,0
5852652,331,321,408,0,0
5853588,317,312,385,0,0
5854520,319,295,397,0,0
5855456,343,304,402,0,0
5856392,364,316,397,0,0
5857328,380,339,397,0,0
5858260,347,324,396,0,0
5859196,341,308,395,0,0
5860132,345,288,391,0,0
5861068,353,302,393,0,0
5862000,364,332,380,0,0
5862936,364,327,397,0,0
5863872,351,311,395,0,0
5864808,350,307,403,0,0
5865740,348,318,387,0,0
5866676,335,305,408,0,0
5867612,316,305,390,0,0
5868552,324,327,384,0,0
5869480,324,311,399,0,0
5870416,316,305,404,0,0
5871352,307,304,387,0,0
5872288,322,319,399,0,0
5873220,332,321,400,0,0
5874156,323,310,408,0,0
5875092,319,311,391,0,0
5876028,335,307,380,0,0
5876960,340,312,403,0,0
5877896,340,326,388,0,0
5878832,335,310,386,0,0
5879768,343,310,398,0,0
5880700,351,318,398,0,0
5881636,344,311,393,0,0
5882572,334,319,397,0,0
5883508,325,315,391,0,0
5884440,327,310,406,0,0
5885376,329,310,396,0,0
5886312,329,306,391,0,0
5887248,345,310,391,0,0
5888180,349,316,393,0,0
5889116,344,316,396,0,0
5890056,323,305,384,0,0
5890988,326,316,401,0,0
5891920,338,304,391,0,0
5892856,345,307,402,0,0
5893792,350,313,398,0,0
5894728,355,312,388,0,0
5895660,352,319,391,0,0
5896596,350,318,391,0,0
5897532,348,311,401,0,0
5898468,347,318,412,0,0
5899400,327,313,395,0,0
5900336,323,310,387,0,0
5901272,327,309,384,0,0
5902208,355,312,385,0,0
5903140,355,312,400,0,0
5904076,344,315,391,0,0
5905012,337,317,393,0,0
5905948,334,308,393,0,0
5906880,335,311,398,0,0
5907816,339,312,393,0,0
5908752,339,308,397,0,0
5909688,342,315,396,0,0
5910620,335,312,396,0,0
5911564,332,316,401,0,0
5912492,334,304,382,0,0
5913428,327,314,417,0,0
5914360,341,319,409,0,0
5915296,340,316,385,0,0
5916232,344,307,390,0,0
5917168,348,312,398,0,0
5918100,339,307,391,0,0
5919036,331,312,401,0,0
5919972,331,311,399,0,0
5920908,337,306,396,0,0
5921840,339,306,386,0,0
5922776,352,321,400,0,0
5923712,348,327,399,0,0
5924648,342,316,393,0,0
5925580,344,312,399,0,0
5926516,342,311,395,0,0
5927452,345,310,389,0,0
5928388,339,307,391,0,0
5929320,348,316,387,0,0
5930256,358,312,396,0,0
5931192,356,319,402,0,0
5932128,347,310,392,0,0
5933068,335,316,406,0,0
5933996,332,306,396,0,0
5934932,335,307,393,0,0
5935868,339,313,395,0,0
5936800,347,312,391,0,0
5937736,348,312,393,0,0
5938672,337,310,391,0,0
5939608,334,308,387,0,0
5940540,335,309,398,0,0
5941476,344,311,401,0,0
5942412,336,312,390,0,0
5943348,347,312,396,0,0
5944280,343,312,395,0,0
5945216,351,321,399,0,0
5946152,345,318,385,0,0
5947088,352,313,405,0,0
5948020,344,315,393,0,0
5948956,342,315,390,0,0
5949892,339,311,386,0,0
5950828,335,313,388,0,0
5951760,342,302,400,0,0
5952696,340,319,380,0,0
5953632,339,311,385,0,0
5954572,348,313,393,0,0
5955500,350,321,399,0,0
5956436,351,316,396,0,0
5957372,344,318,388,0,0
5958308,339,312,390,0,0
5959240,347,315,399,0,0
5960176,348,311,389,0,0
5961112,350,316,391,0,0
5962048,352,316,369,0,0
5962980,332,312,411,0,0
5963916,332,307,403,0,0
5964852,339,319,404,0,0
5965788,344,321,388,0,0
5966720,350,318,406,0,0
5967656,348,312,393,0,0
5968592,347,316,387,0,0
5969528,344,312,391,0,0
5970460,340,315,391,0,0
5971396,348,312,382,0,0
5972332,352,323,417,0,0
5973268,327,301,385,0,0
5974200,331,308,396,0,0
5975136,340,312,397,0,0
5976076,335,305,391,0,0
5977008,345,318,403,0,0
5977940,345,316,396,0,0
5978876,344,312,390,0,0
5979812,347,313,393,0,0
5980748,349,319,398,0,0
5981680,355,323,386,0,0
5982616,340,311,394,0,0
5983552,327,311,411,0,0
5984488,337,309,388,0,0
5985420,343,307,400,0,0
5986356,350,312,403,0,0
5987292,347,318,390,0,0
5988228,366,327,397,0,0
5989160,359,322,396,0,0
5990096,340,312,401,0,0
5991032,335,304,391,0,0
5991968,337,305,398,0,0
5992900,348,307,406,0,0
5993836,347,307,401,0,0
5994772,348,315,387,0,0
5995708,344,323,408,0,0
5996640,329,307,391,0,0
5997584,332,312,396,0,0
5998512,327,312,390,0,0
5999448,332,305,391,0,0
6000380,331,304,385,0,0
6001316,335,307,382,0,0
6002252,323,303,376,0,0
6003188,332,316,400,0,0
6004120,339,313,399,0,0
6005056,344,305,394,0,0
6005992,340,313,391,0,0
6006928,331,312,398,0,0
6007860,336,313,399,0,0
6008796,342,318,397,0,0
6009732,348,307,393,0,0
6010668,352,319,403,0,0
6011600,347,312,399,0,0
6012536,331,310,428,0,0
6013472,348,323,376,0,0
6014408,335,312,398,0,0
6015340,335,307,393,0,0
6016276,327,316,401,0,0
6017212,339,317,402,0,0
6018148,345,312,384,0,0
6019088,340,311,401,0,0
6020016,336,315,395,0,0
6020952,335,307,393,0,0
6021888,345,314,399,0,0
6022820,349,312,391,0,0
6023756,355,327,387,0,0
6024692,334,306,390,0,0
6025628,333,312,390,0,0
6026560,335,308,391,0,0
6027496,332,310,391,0,0
6028432,339,309,389,0,0
6029368,347,313,401,0,0
6030300,345,307,384,0,0
6031236,337,304,386,0,0
6032172,326,313,397,0,0
6033108,327,308,381,0,0
6034040,334,307,387,0,0
6034976,337,319,384,0,0
6035912,335,304,385,0,0
6036848,337,316,401,0,0
6037780,332,310,384,0,0
6038716,344,305,384,0,0
6039652,345,307,394,0,0
6040592,340,316,384,0,0
6041520,347,323,376,0,0
6042456,349,305,387,0,0
6043392,355,327,396,0,0
6044328,336,307,387,0,0
6045260,340,315,396,0,0
6046196,346,313,395,0,0
6047132,340,307,391,0,0
6048068,333,304,380,0,0
6049000,344,309,391,0,0
6049936,348,310,388,0,0
6050872,351,321,407,0,0
6051808,334,300,377,0,0
6052740,344,322,399,0,0
6053676,344,309,395,0,0
6054612,342,318,398,0,0
6055548,345,316,406,0,0
6056480,344,313,391,0,0
6057416,337,310,395,0,0
6058352,340,312,402,0,0
6059288,339,307,395,0,0
6060220,348,307,396,0,0
6061156,342,304,386,0,0
6062096,331,303,376,0,0
6063028,334,308,379,0,0
6063960,341,310,401,0,0
6064896,340,312,400,0,0
6065832,348,316,386,0,0
6066768,352,312,384,0,0
6067700,346,313,393,0,0
6068636,340,313,399,0,0
6069572,337,312,400,0,0
6070508,344,315,401,0,0
6071440,338,307,388,0,0
6072376,359,327,407,0,0
6073312,359,319,380,0,0
6074248,345,313,391,0,0
6075180,339,311,399,0,0
6076116,339,313,399,0,0
6077052,341,312,388,0,0
6077988,337,304,380,0,0
6078920,348,322,403,0,0
6079856,348,322,408,0,0
6080792,342,318,387,0,0
6081728,350,323,411,0,0
6082660,336,295,377,0,0
6083604,351,316,376,0,0
6084532,345,315,387,0,0
6085468,343,313,391,0,0
6086400,334,308,399,0,0
6087336,337,310,394,0,0
6088272,343,305,384,0,0
6089208,346,316,403,0,0
6090140,347,311,388,0,0
6091076,345,315,383,0,0
6092012,342,318,385,0,0
6092948,339,319,391,0,0
6093880,339,310,395,0,0
6094816,332,312,397,0,0
6095752,334,314,398,0,0
6096688,342,313,395,0,0
6098556,335,312,390,0,0
6099492,339,310,396,0,0
6100428,348,312,397,0,0
6101360,359,311,395,0,0
6102296,358,307,392,0,0
6103232,352,327,406,0,0
6104168,344,312,397,0,0
6105108,348,308,399,0,0
6106036,342,315,400,0,0
6106972,337,313,391,0,0
6107908,343,318,404,0,0
6108840,344,311,402,0,0
6109776,344,315,398,0,0
6110712,351,318,393,0,0
6111648,350,308,398,0,0
6112580,335,302,368,0,0
6113516,331,307,376,0,0
6114452,342,318,387,0,0
6115388,342,313,399,0,0
6116320,339,308,393,0,0
6117256,340,312,387,0,0
6118192,342,309,396,0,0
6119128,346,313,404,0,0
6120060,347,313,393,0,0
6120996,345,310,382,0,0
6121932,338,307,385,0,0
6122868,337,321,383,0,0
6123800,345,316,377,0,0
6124736,337,307,390,0,0
6125672,332,304,390,0,0
6126612,332,312,391,0,0
6127540,339,315,399,0,0
6128476,344,307,381,0,0
6129412,353,317,399,0,0
6130348,342,313,398,0,0
6131280,344,309,395,0,0
6132216,342,319,401,0,0
6133152,355,315,375,0,0
6134088,337,315,403,0,0
6135020,344,312,386,0,0
6135956,345,312,399,0,0
6136892,344,315,403,0,0
6137828,329,312,396,0,0
6138760,342,312,391,0,0
6139696,340,313,399,0,0
6140632,348,307,395,0,0
6141568,334,299,387,0,0
6142500,343,319,384,0,0
6143436,334,301,377,0,0
6144372,339,312,393,0,0
6145308,339,318,396,0,0
6146240,331,307,395,0,0
6147176,337,308,387,0,0
6148116,344,307,388,0,0
6149048,344,310,385,0,0
6149980,339,307,392,0,0
6150916,341,313,387,0,0
6151852,340,310,399,0,0
6152788,349,310,377,0,0
6153720,327,301,387,0,0
6154656,340,317,406,0,0
6155592,337,307,381,0,0
6156528,340,312,393,0,0
6157460,342,307,396,0,0
6158396,337,313,395,0,0
6159332,340,316,399,0,0
6160268,344,312,391,0,0
6161200,355,322,391,0,0
6162136,352,313,393,0,0
6164008,350,312,399,0,0
6164940,350,310,391,0,0
6165876,355,312,395,0,0
6166812,340,307,397,0,0
6167748,345,307,387,0,0
6168680,351,319,396,0,0
6169620,352,303,386,0,0
6170552,355,316,399,0,0
6171488,356,312,395,0,0
6172420,360,321,395,0,0
6173356,350,319,385,0,0
6174292,344,315,384,0,0
6175228,333,312,400,0,0
6176160,338,312,399,0,0
6177096,336,313,398,0,0
6178032,335,310,391,0,0
6178968,350,313,383,0,0
6179900,342,301,384,0,0
6180836,336,307,380,0,0
6181772,330,311,386,0,0
6182708,353,332,394,0,0
6183640,349,302,401,0,0
6184576,344,316,391,0,0
6185512,344,312,387,0,0
6186448,352,312,387,0,0
6187380,337,305,398,0,0
6188316,327,313,387,0,0
6189252,321,318,393,0,0
6190188,321,309,399,0,0
6191124,341,312,391,0,0
6192056,363,301,391,0,0
6192992,352,327,381,0,0
6193928,345,313,393,0,0
6194860,335,303,403,0,0
6195796,334,308,390,0,0
6196732,343,312,391,0,0
6197668,334,312,396,0,0
6198600,330,313,393,0,0
6199536,318,312,399,0,0
6200472,335,307,393,0,0
6201408,359,318,381,0,0
6202340,358,312,398,0,0
6203276,360,328,387,0,0
6204212,343,313,402,0,0
6205148,327,312,391,0,0
6206080,335,312,387,0,0
6207016,339,311,396,0,0
6207952,344,307,395,0,0
6208888,339,312,396,0,0
6209820,344,305,401,0,0
6210756,336,312,396,0,0
6211692,342,323,407,0,0
6212628,329,299,376,0,0
6213560,335,306,380,0,0
6214496,342,310,396,0,0
6215432,336,308,391,0,0
6216368,342,315,391,0,0
6217300,349,314,384,0,0
6218236,350,312,385,0,0
6219172,355,318,398,0,0
6220108,345,313,396,0,0
6221040,331,304,390,0,0
6221976,324,303,382,0,0
6222912,335,299,387,0,0
6223848,339,312,401,0,0
6224780,344,305,393,0,0
6225716,337,312,396,0,0
6226652,332,312,399,0,0
6227588,335,313,403,0,0
6229456,344,316,398,0,0
6230392,337,307,382,0,0
6231328,350,327,399,0,0
6232260,359,317,368,0,0
6233196,348,319,380,0,0
6234132,340,316,396,0,0
6235068,335,307,391,0,0
6236000,337,312,390,0,0
6236936,335,313,387,0,0
6237872,341,315,393,0,0
6238808,338,305,387,0,0
6239740,348,316,386,0,0
6240676,342,315,393,0,0
6241612,334,310,395,0,0
6242548,349,307,387,0,0
6243480,335,302,377,0,0
6244416,348,319,408,0,0
6245352,344,315,391,0,0
6246288,352,318,397,0,0
6247220,339,309,398,0,0
6248156,338,316,393,0,0
6249092,335,305,382,0,0
6250028,339,308,389,0,0
6250960,348,318,404,0,0
6251896,337,300,376,0,0
6252832,331,312,408,0,0
6253768,347,316,396,0,0
6254700,339,307,380,0,0
6255636,336,311,399,0,0
6256572,343,309,393,0,0
6257508,344,316,396,0,0
6258440,340,310,403,0,0
6259376,339,312,397,0,0
6260312,344,313,400,0,0
6261248,347,319,406,0,0
6262180,350,319,404,0,0
6263116,348,310,377,0,0
6264052,343,307,386,0,0
6264988,344,314,391,0,0
6265920,342,311,395,0,0
6266856,331,305,393,0,0
6267792,331,316,396,0,0
6268728,332,305,401,0,0
6269660,332,310,384,0,0
6270596,347,313,390,0,0
6271532,357,319,409,0,0
6272468,354,323,409,0,0
6273400,348,312,389,0,0
6274336,339,313,396,0,0
6275272,334,315,400,0,0
6276208,332,310,387,0,0
6277140,340,312,395,0,0
6278076,334,304,390,0,0
6279012,337,312,399,0,0
6279948,339,309,401,0,0
6280880,344,312,389,0,0
6281816,337,308,419,0,0
6282752,337,312,419,0,0
6283688,356,326,403,0,0
6284620,347,315,390,0,0
6285556,338,312,399,0,0
6286492,344,307,394,0,0
6287428,350,319,403,0,0
6288360,347,306,382,0,0
6289296,347,310,396,0,0
6290232,340,318,403,0,0
6291168,342,307,395,0,0
6292100,349,310,403,0,0
6293036,348,310,364,0,0
6293972,350,323,391,0,0
6294908,344,316,408,0,0
6295840,342,307,388,0,0
6296776,350,318,408,0,0
6297712,344,306,381,0,0
6298648,350,313,391,0,0
6299580,348,312,388,0,0
6300516,359,321,396,0,0
6301452,350,316,392,0,0
6302388,353,310,385,0,0
6303320,337,295,393,0,0
6304256,332,306,399,0,0
6305192,342,312,397,0,0
6306128,335,315,401,0,0
6307060,340,315,384,0,0
6307996,338,315,391,0,0
6308932,333,310,388,0,0
6309868,337,316,400,0,0
6310800,343,315,390,0,0
6311736,352,325,403,0,0
6312672,345,308,379,0,0
6313608,348,312,396,0,0
6314540,348,313,399,0,0
6315476,339,308,395,0,0
6316412,335,313,399,0,0
6317348,339,314,391,0,0
6318280,347,316,401,0,0
6319216,352,309,384,0,0
6320152,344,302,382,0,0
6321088,342,307,380,0,0
6322020,352,323,411,0,0
6322956,342,316,384,0,0
6323892,332,302,368,0,0
6324828,329,312,394,0,0
6325760,327,312,395,0,0
6326696,323,312,398,0,0
6327632,326,308,393,0,0
6328568,331,309,384,0,0
6329500,344,321,405,0,0
6330436,344,319,402,0,0
6331372,348,321,395,0,0
6332308,327,311,395,0,0
6333240,339,314,380,0,0
6334176,340,316,401,0,0
6335112,347,312,398,0,0
6336048,344,312,401,0,0
6336980,336,313,391,0,0
6337916,342,308,382,0,0
6338852,350,316,403,0,0
6339788,343,316,393,0,0
6340720,338,317,387,0,0
6341656,335,309,391,0,0
6342592,332,312,399,0,0
6343528,332,310,396,0,0
6344460,334,313,390,0,0
6345396,342,319,396,0,0
6346332,343,318,409,0,0
6347268,344,313,396,0,0
6348200,344,319,402,0,0
6349136,348,319,399,0,0
6350072,340,307,388,0,0
6351008,340,313,388,0,0
6351940,335,307,409,0,0
6352876,339,306,420,0,0
6353812,337,312,384,0,0
6354748,339,312,384,0,0
6355680,348,312,398,0,0
6356616,340,314,406,0,0
6357552,337,315,396,0,0
6358488,342,323,404,0,0
6359420,343,307,390,0,0
6360356,335,307,387,0,0
6361292,347,312,393,0,0
6362228,346,319,404,0,0
6363160,335,318,411,0,0
6364096,343,312,400,0,0
6365032,345,308,387,0,0
6365968,338,312,397,0,0
6366900,337,317,387,0,0
6367836,345,315,396,0,0
6368772,341,315,396,0,0
6369708,340,312,391,0,0
6370640,336,311,395,0,0
6371576,336,309,393,0,0
6372512,338,313,391,0,0
6373448,335,312,403,0,0
6374380,335,311,393,0,0
6375316,339,308,399,0,0
6376252,345,316,387,0,0
6377188,344,312,401,0,0
6378120,347,312,395,0,0
6379056,339,307,384,0,0
6379992,352,323,408,0,0
6380928,347,315,399,0,0
6381860,355,316,378,0,0
6382796,330,316,408,0,0
6383732,339,304,408,0,0
6384668,339,313,391,0,0
6385600,335,314,397,0,0
6386536,333,310,396,0,0
6387472,340,316,398,0,0
6388408,338,311,391,0,0
6389340,340,310,396,0,0
6390276,347,317,396,0,0
6391212,349,318,407,0,0
6392148,350,305,393,0,0
6393080,352,319,376,0,0
6394016,337,310,417,0,0
6394952,353,319,398,0,0
6395888,343,311,387,0,0
6396820,344,313,384,0,0
6397756,344,313,399,0,0
6398692,342,316,394,0,0
6399628,343,316,403,0,0
6400560,341,312,390,0,0
6401496,337,319,396,0,0
6402432,323,298,412,0,0
6403368,335,319,419,0,0
6404300,339,312,393,0,0
6405236,348,312,394,0,0
6406172,342,313,404,0,0
6407108,339,315,398,0,0
6408040,344,318,398,0,0
6408976,344,316,384,0,0
6409912,347,307,389,0,0
6410848,352,321,403,0,0
6411780,339,323,409,0,0
6412716,329,311,408,0,0
6413652,341,312,384,0,0
6414588,342,310,387,0,0
6415520,342,313,396,0,0
6416456,342,308,390,0,0
6417392,338,312,398,0,0
6418328,345,316,396,0,0
6419260,336,305,395,0,0
6420196,345,314,399,0,0
6421132,344,313,396,0,0
6422068,336,309,391,0,0
6423000,336,311,382,0,0
6423936,338,310,402,0,0
6424872,339,313,387,0,0
6425808,343,308,387,0,0
6426740,346,312,388,0,0
6427676,355,307,396,0,0
6428612,342,307,393,0,0
6429548,336,315,396,0,0
6430480,340,312,381,0,0
6431416,344,316,401,0,0
6432352,335,311,403,0,0
6433288,342,316,387,0,0
6434220,339,312,403,0,0
6435156,336,312,393,0,0
6436092,343,314,387,0,0
6437028,351,313,387,0,0
6437960,350,315,399,0,0
6438896,352,319,399,0,0
6439832,344,317,399,0,0
6440768,335,312,390,0,0
6441700,337,305,396,0,0
6442636,334,304,390,0,0
6443572,339,312,393,0,0
6444508,344,310,391,0,0
6445440,347,312,396,0,0
6446376,344,313,399,0,0
6447312,343,313,397,0,0
6448248,342,312,387,0,0
6449180,339,312,400,0,0
6450116,339,313,403,0,0
6451052,348,313,399,0,0
6451988,339,312,393,0,0
6452920,344,319,384,0,0
6453856,339,307,385,0,0
6454792,344,313,391,0,0
6455728,340,312,395,0,0
6456660,338,314,397,0,0
6457596,344,313,385,0,0
6458532,339,308,396,0,0
6459468,342,316,396,0,0
6460400,337,315,393,0,0
6461336,335,319,399,0,0
6462272,352,312,396,0,0
6463208,338,319,414,0,0
6464140,339,304,379,0,0
6465076,345,315,398,0,0
6466012,347,313,399,0,0
6466948,342,312,391,0,0
6467880,351,312,395,0,0
6468816,348,316,400,0,0
6469752,340,313,391,0,0
6470688,345,312,395,0,0
6471620,351,315,409,0,0
6472556,356,304,376,0,0
6473492,338,307,412,0,0
6474428,352,318,391,0,0
6475360,348,310,390,0,0
6476296,339,307,390,0,0
6477232,343,315,392,0,0
6478168,340,312,399,0,0
6479100,345,311,399,0,0
6480036,348,308,393,0,0
6480972,340,308,395,0,0
6481908,333,311,415,0,0
6482840,344,310,386,0,0
6483776,337,310,396,0,0
6484712,334,317,399,0,0
6485648,342,312,395,0,0
6486580,342,310,399,0,0
6487516,332,312,399,0,0
6488452,316,312,391,0,0
6489388,329,312,396,0,0
6490320,337,308,388,0,0
6491256,337,310,392,0,0
6492192,348,319,398,0,0
6493128,346,318,403,0,0
6494060,348,315,387,0,0
6494996,339,307,396,0,0
6495932,329,305,406,0,0
6496868,327,307,391,0,0
6497800,327,313,396,0,0
6498736,331,316,393,0,0
6499672,344,311,396,0,0
6500608,347,315,399,0,0
6501540,353,316,396,0,0
6502476,350,308,385,0,0
6503412,356,312,364,0,0
6504348,339,319,406,0,0
6505280,323,308,398,0,0
6506216,330,317,404,0,0
6507152,332,305,385,0,0
6508088,353,315,400,0,0
6509020,356,312,378,0,0
6509956,359,306,382,0,0
6510892,355,316,414,0,0
6511828,331,311,387,0,0
6512760,359,326,368,0,0
6513696,364,319,390,0,0
6514632,337,307,403,0,0
6515568,337,319,391,0,0
6516500,348,312,380,0,0
6517436,353,313,401,0,0
6518372,341,314,402,0,0
6519308,343,307,386,0,0
6520240,337,307,387,0,0
6521176,337,308,399,0,0
6522112,339,319,414,0,0
6523048,352,327,409,0,0
6523980,353,313,391,0,0
6524916,340,305,396,0,0
6525852,335,320,400,0,0
6526788,348,317,391,0,0
6527720,359,313,385,0,0
6528656,344,312,396,0,0
6529592,335,307,385,0,0
6530528,332,311,383,0,0
6531460,343,311,385,0,0
6532396,337,304,392,0,0
6533332,340,312,399,0,0
6534268,339,305,389,0,0
6535200,343,315,386,0,0
6536136,348,316,396,0,0
6537072,347,312,398,0,0
6538008,344,312,391,0,0
6538940,359,322,398,0,0
6539876,348,306,392,0,0
6540812,350,319,396,0,0
6541748,351,312,398,0,0
6542680,350,305,396,0,0
6543616,348,316,387,0,0
6544552,337,309,391,0,0
6545488,342,317,394,0,0
6546420,348,312,398,0,0
6547356,348,318,387,0,0
6548292,345,319,391,0,0
6549228,344,316,393,0,0
6550160,348,309,399,0,0
6551096,358,313,398,0,0
6552032,359,306,393,0,0
6552968,348,313,387,0,0
6553900,352,319,371,0,0
6554836,356,321,399,0,0
6555772,349,304,396,0,0
6556708,351,319,385,0,0
6557640,355,312,393,0,0
6558576,376,308,387,0,0
6559512,371,317,399,0,0
6560448,342,310,399,0,0
6561380,313,322,396,0,0
6562316,303,299,371,0,0
6563252,332,310,377,0,0
6564188,347,305,396,0,0
6565120,342,316,396,0,0
6566056,332,305,396,0,0
6566992,327,312,381,0,0
6567928,332,313,403,0,0
6568860,352,318,398,0,0
6569796,355,319,393,0,0
6570732,339,312,391,0,0
6571668,337,298,387,0,0
6572600,352,321,397,0,0
6573536,351,299,363,0,0
6574472,355,316,387,0,0
6575408,361,313,401,0,0
6576340,364,316,399,0,0
6577276,358,321,408,0,0
6578212,340,312,382,0,0
6579148,340,314,384,0,0
6580080,329,308,399,0,0
6581016,323,300,401,0,0
6581952,319,308,387,0,0
6582888,337,308,379,0,0
6583820,338,317,391,0,0
6584756,332,313,390,0,0
6585692,327,310,397,0,0
6586628,349,313,393,0,0
6587560,353,310,388,0,0
6588496,335,315,396,0,0
6589432,309,304,401,0,0
6590368,313,316,396,0,0
6591300,316,310,406,0,0
6592236,318,307,396,0,0
6593172,338,316,396,0,0
6594108,352,321,391,0,0
6595040,347,313,399,0,0
6595976,335,311,397,0,0
6596912,329,309,397,0,0
6597848,348,311,399,0,0
6598780,352,310,401,0,0
6599716,345,319,387,0,0
6600652,340,305,396,0,0
6601588,343,312,391,0,0
6602520,335,305,385,0,0
6603456,335,307,390,0,0
6604392,349,308,384,0,0
6605328,374,312,399,0,0
6606260,364,308,393,0,0
6607196,350,319,389,0,0
6608132,339,312,387,0,0
6609068,327,307,396,0,0
6610000,315,300,388,0,0
6610936,327,306,391,0,0
6611872,352,307,395,0,0
6612808,379,300,374,0,0
6613740,388,312,395,0,0
6614676,355,310,408,0,0
6615612,335,313,398,0,0
6616548,369,316,371,0,0
6617480,387,312,406,0,0
6618416,344,316,404,0,0
6619352,309,321,387,0,0
6620288,306,319,382,0,0
6621220,308,308,399,0,0
6622156,300,302,400,0,0
6623092,315,295,408,0,0
6624028,319,304,409,0,0
6624960,335,313,388,0,0
6625896,347,307,384,0,0
6626832,363,319,399,0,0
6627768,358,317,391,0,0
6628700,345,316,395,0,0
6629636,344,308,387,0,0
6630572,348,313,399,0,0
6631508,345,304,396,0,0
6632440,355,306,376,0,0
6633376,376,316,391,0,0
6634312,372,324,399,0,0
6635248,363,316,396,0,0
6636180,340,304,398,0,0
6637116,332,307,398,0,0
6638052,342,319,391,0,0
6638988,345,312,393,0,0
6639920,354,312,396,0,0
6640856,358,316,393,0,0
6641792,348,318,389,0,0
6642728,342,311,399,0,0
6643660,327,312,406,0,0
6644596,339,304,408,0,0
6645532,368,319,395,0,0
6646468,370,316,390,0,0
6647400,327,312,406,0,0
6648336,313,307,399,0,0
6649272,342,306,391,0,0
6650208,355,308,400,0,0
6651140,352,306,393,0,0
6652076,337,321,408,0,0
6653012,319,302,408,0,0
6653948,307,308,402,0,0
6654880,335,316,391,0,0
6655816,352,313,378,0,0
6656752,368,312,399,0,0
6657688,371,319,390,0,0
6658620,358,313,395,0,0
6659556,372,312,384,0,0
6660492,368,319,395,0,0
6661428,313,294,389,0,0
6662360,327,326,401,0,0
6663296,327,306,422,0,0
6664232,370,313,398,0,0
6665168,381,327,379,0,0
6666100,348,305,403,0,0
6667036,322,318,395,0,0
6667972,300,300,396,0,0
6668908,291,304,387,0,0
6669840,304,312,384,0,0
6670776,306,306,399,0,0
6671712,312,312,399,0,0
6672648,342,313,393,0,0
6673580,355,304,396,0,0
6674516,355,319,391,0,0
6675452,369,319,388,0,0
6676388,359,307,409,0,0
6677320,350,321,391,0,0
6678256,335,299,384,0,0
6679192,347,324,384,0,0
6680128,347,300,404,0,0
6681060,364,313,369,0,0
6681996,393,319,401,0,0
6682932,356,316,403,0,0
6683868,323,307,393,0,0
6684800,334,308,399,0,0
6685736,349,319,391,0,0
6686672,340,307,400,0,0
6687608,333,306,388,0,0
6688540,319,312,403,0,0
6689476,332,318,399,0,0
6690412,347,304,395,0,0
6691348,335,305,403,0,0
6692280,320,322,374,0,0
6693216,327,287,419,0,0
6694152,312,307,395,0,0
6695088,335,319,369,0,0
6696020,366,313,385,0,0
6696956,361,310,402,0,0
6697892,327,307,399,0,0
6698828,327,307,393,0,0
6699760,348,318,391,0,0
6700696,353,306,398,0,0
6701632,337,315,399,0,0
6702568,310,313,389,0,0
6703500,312,312,387,0,0
6704436,331,303,387,0,0
6705372,348,300,387,0,0
6706308,360,312,385,0,0
6707240,380,329,379,0,0
6708176,382,320,391,0,0
6709112,350,316,396,0,0
6710048,326,301,393,0,0
6710980,312,295,414,0,0
6711916,337,310,382,0,0
6712852,371,306,371,0,0
6713788,355,327,398,0,0
6714720,323,326,383,0,0
6715656,315,295,397,0,0
6716592,337,302,403,0,0
6717528,364,323,388,0,0
6718460,374,313,398,0,0
6719396,345,319,398,0,0
6720332,330,307,391,0,0
6721268,321,299,384,0,0
6722200,323,312,403,0,0
6723136,316,310,401,0,0
6724072,326,310,391,0,0
6725008,328,303,393,0,0
6725940,337,305,396,0,0
6726876,331,312,399,0,0
6727812,335,312,387,0,0
6728748,339,315,396,0,0
6729680,344,309,390,0,0
6730616,344,321,387,0,0
6731552,347,312,391,0,0
6732488,340,309,382,0,0
6733420,355,306,396,0,0
6734356,343,295,391,0,0
6735292,344,313,384,0,0
6736228,342,319,403,0,0
6737160,319,312,391,0,0
6738096,314,307,393,0,0
6739032,334,313,398,0,0
6739968,343,312,396,0,0
6740900,338,312,389,0,0
6741836,327,312,393,0,0
6742772,305,312,412,0,0
6743708,307,303,393,0,0
6744640,327,309,385,0,0
6745576,354,321,404,0,0
6746512,344,305,387,0,0
6747448,343,318,385,0,0
6748380,339,311,391,0,0
6749316,350,312,397,0,0
6750252,344,316,388,0,0
6751188,341,317,393,0,0
6752120,338,310,386,0,0
6753056,347,317,387,0,0
6753992,332,310,399,0,0
6754928,339,317,409,0,0
6755860,348,315,377,0,0
6756796,353,316,399,0,0
6757732,339,312,403,0,0
6758668,319,306,398,0,0
6759600,316,304,391,0,0
6760536,327,312,399,0,0
6761476,352,311,399,0,0
6762408,361,307,364,0,0
6763340,355,316,397,0,0
6764276,359,304,391,0,0
6765212,359,322,384,0,0
6766148,348,313,399,0,0
6767080,342,318,387,0,0
6768016,339,312,390,0,0
6768952,337,304,399,0,0
6769888,344,315,403,0,0
6770820,334,300,381,0,0
6771756,345,307,385,0,0
6772692,361,313,409,0,0
6773628,377,321,390,0,0
6774560,359,321,399,0,0
6775496,335,321,391,0,0
6776432,332,312,383,0,0
6777368,327,306,405,0,0
6778300,323,305,387,0,0
6779236,321,307,399,0,0
6780172,327,304,385,0,0
6781108,344,318,384,0,0
6782040,342,307,387,0,0
6782984,350,316,390,0,0
6783912,345,313,395,0,0
6784848,337,306,391,0,0
6785780,340,311,391,0,0
6786716,339,316,395,0,0
6787652,335,318,386,0,0
6788588,340,308,388,0,0
6789520,347,307,380,0,0
6790456,358,310,396,0,0
6791392,344,316,403,0,0
6792328,332,317,396,0,0
6793260,323,312,388,0,0
6794196,313,302,402,0,0
6795132,334,308,388,0,0
6796068,348,316,396,0,0
6797000,353,315,399,0,0
6797936,350,319,405,0,0
6798872,347,312,385,0,0
6799808,343,312,401,0,0
6800740,343,309,390,0,0
6801676,347,312,390,0,0
6802612,342,319,390,0,0
6803548,334,311,390,0,0
6804488,332,313,408,0,0
6805416,347,310,395,0,0
6806352,359,313,380,0,0
6807288,362,315,399,0,0
6808220,358,310,389,0,0
6809156,352,323,387,0,0
6810092,341,318,403,0,0
6811028,331,311,391,0,0
6811960,334,306,385,0,0
6812896,335,298,400,0,0
6813832,348,322,408,0,0
6814768,351,323,397,0,0
6815700,327,312,393,0,0
6816636,318,308,384,0,0
6817572,319,304,391,0,0
6819440,335,310,390,0,0
6820376,344,307,387,0,0
6821312,353,324,390,0,0
6822248,366,323,376,0,0
6823180,343,318,396,0,0
6824116,339,309,401,0,0
6825052,333,302,408,0,0
6825992,333,311,384,0,0
6826920,339,315,401,0,0
6827856,339,311,391,0,0
6828792,327,312,396,0,0
6829728,328,302,396,0,0
6830660,339,314,407,0,0
6831596,343,319,399,0,0
6832532,352,315,385,0,0
6833468,350,308,390,0,0
6834400,336,303,395,0,0
6835336,339,305,400,0,0
6836272,345,311,395,0,0
6837208,340,313,396,0,0
6838140,349,313,387,0,0
6839076,353,313,387,0,0
6840012,339,304,387,0,0
6840948,340,312,400,0,0
6841880,348,316,396,0,0
6842816,347,308,406,0,0
6843752,349,313,382,0,0
6844688,352,312,384,0,0
6845620,352,316,391,0,0
6846556,337,315,405,0,0
6847496,329,307,401,0,0
6848428,337,312,388,0,0
6849360,344,308,384,0,0
6850296,332,305,391,0,0
6851232,323,307,391,0,0
6852168,323,303,393,0,0
6853100,348,309,391,0,0
6854036,344,314,415,0,0
6854972,359,318,395,0,0
6855908,361,319,398,0,0
6856840,352,319,398,0,0
6857776,339,311,387,0,0
6858712,323,307,393,0,0
6859648,323,308,387,0,0
6860580,332,310,395,0,0
6861516,346,313,393,0,0
6862452,359,313,396,0,0
6863388,345,307,387,0,0
6864320,305,295,385,0,0
6865256,315,310,408,0,0
6866192,319,312,390,0,0
6867128,337,307,384,0,0
6868060,347,307,390,0,0
6869004,344,312,399,0,0
6869932,342,315,396,0,0
6870868,337,310,395,0,0
6871800,344,319,406,0,0
6872736,357,327,398,0,0
6873672,347,318,382,0,0
6874608,358,324,398,0,0
6875540,363,316,398,0,0
6876476,345,310,398,0,0
6877412,337,310,391,0,0
6878348,344,311,387,0,0
6879280,350,305,403,0,0
6880216,339,312,404,0,0
6881152,342,319,391,0,0
6882088,333,297,380,0,0
6883020,328,312,404,0,0
6884892,339,311,385,0,0
6885828,342,303,391,0,0
6886760,344,318,384,0,0
6887696,340,313,393,0,0
6888632,342,318,390,0,0
6889568,344,313,396,0,0
6890508,338,311,398,0,0
6891436,331,317,396,0,0
6892372,347,315,399,0,0
6893308,353,310,391,0,0
6894240,348,313,386,0,0
6895176,339,311,394,0,0
6896112,339,312,400,0,0
6897048,337,309,397,0,0
6897980,337,313,391,0,0
6898916,333,305,399,0,0
6899852,332,316,392,0,0
6900788,335,312,386,0,0
6901720,332,312,388,0,0
6902656,344,305,374,0,0
6903592,351,315,403,0,0
6904528,349,319,415,0,0
6905460,347,313,387,0,0
6906396,344,312,388,0,0
6907332,334,315,396,0,0
6908268,340,312,400,0,0
6909200,351,315,396,0,0
6910136,352,312,380,0,0
6911072,361,316,395,0,0
6912012,344,311,399,0,0
6912940,348,327,417,0,0
6913876,358,329,408,0,0
6914812,339,308,403,0,0
6915748,342,315,384,0,0
6916680,344,311,402,0,0
6917616,352,312,398,0,0
6918552,359,323,391,0,0
6919488,359,314,399,0,0
6920420,353,313,399,0,0
6921356,344,307,390,0,0
6922292,348,318,385,0,0
6923228,332,316,402,0,0
6924160,323,310,422,0,0
6925096,334,312,387,0,0
6926032,355,313,396,0,0
6926968,371,313,387,0,0
6927900,376,324,408,0,0
6928836,338,306,401,0,0
6929772,327,315,395,0,0
6930708,339,310,396,0,0
6931640,359,313,392,0,0
6932576,348,305,395,0,0
6933516,351,312,400,0,0
6934448,358,313,381,0,0
6935380,363,311,392,0,0
6936316,371,313,388,0,0
6937252,367,313,399,0,0
6938188,363,312,391,0,0
6939120,367,322,380,0,0
6940056,355,310,409,0,0
6940992,331,307,398,0,0
6941928,350,312,376,0,0
6942860,369,307,388,0,0
6943796,369,313,391,0,0
6944732,355,317,400,0,0
6945668,331,309,395,0,0
6946600,319,299,395,0,0
6947536,321,308,396,0,0
6948472,331,312,391,0,0
6950340,326,312,385,0,0
6951276,337,312,387,0,0
6952212,344,311,391,0,0
6953148,359,312,396,0,0
6954080,374,307,387,0,0
6955024,364,327,390,0,0
6955952,323,310,402,0,0
6956888,302,307,399,0,0
6957820,319,311,391,0,0
6958756,352,312,398,0,0
6959692,380,321,403,0,0
6960628,370,305,369,0,0
6961560,359,327,389,0,0
6962496,323,288,391,0,0
6963432,312,300,387,0,0
6964368,319,312,395,0,0
6965300,329,324,387,0,0
6966236,332,316,384,0,0
6967172,339,309,396,0,0
6968108,332,307,396,0,0
6969040,309,310,399,0,0
6969976,319,313,390,0,0
6970912,339,300,399,0,0
6971848,345,318,389,0,0
6972780,366,326,399,0,0
6973716,350,305,387,0,0
6974652,342,319,390,0,0
6975588,335,307,382,0,0
6976528,321,300,396,0,0
6977456,319,316,399,0,0
6978392,337,313,381,0,0
6979328,350,316,408,0,0
6980260,347,316,408,0,0
6981196,331,316,400,0,0
6982132,319,312,391,0,0
6983068,331,311,405,0,0
6984000,344,318,385,0,0
6984936,347,313,395,0,0
6985872,344,318,399,0,0
6986808,339,312,391,0,0
6987740,339,316,387,0,0
6988676,352,312,384,0,0
6989612,345,307,403,0,0
6990548,339,311,402,0,0
6991480,335,316,385,0,0
6992416,339,312,395,0,0
6993352,345,308,387,0,0
6994288,350,309,387,0,0
6995220,345,319,398,0,0
6996156,349,311,391,0,0
6997092,352,315,399,0,0
6998032,348,312,391,0,0
6998960,340,311,403,0,0
6999896,343,310,385,0,0
7000832,352,317,391,0,0
7001768,355,313,395,0,0
7002700,358,315,373,0,0
7003636,339,317,401,0,0
7004572,332,316,390,0,0
7005508,321,306,396,0,0
7006440,327,299,390,0,0
7007376,335,311,388,0,0
7008312,352,315,397,0,0
7009248,356,315,398,0,0
7010180,344,311,391,0,0
7011116,331,318,403,0,0
7012052,339,307,387,0,0
7012988,340,307,398,0,0
7013920,327,318,422,0,0
7014856,327,313,398,0,0
7015792,323,310,393,0,0
7016728,329,304,387,0,0
7017660,339,302,398,0,0
7018596,344,316,401,0,0
7019536,352,315,391,0,0
7020468,355,312,394,0,0
7021400,351,319,387,0,0
7022336,356,311,359,0,0
7023272,342,300,409,0,0
7024208,352,307,368,0,0
7025140,332,302,385,0,0
7026076,338,315,395,0,0
7027012,345,308,388,0,0
7027948,359,317,390,0,0
7028880,353,319,391,0,0
7029816,340,317,396,0,0
7030752,327,308,399,0,0
7031688,323,299,396,0,0
7032620,345,315,384,0,0
7033556,363,321,396,0,0
7034492,348,319,394,0,0
7035428,339,316,396,0,0
7036360,344,308,396,0,0
7037296,353,310,388,0,0
7038232,355,311,393,0,0
7039168,335,304,393,0,0
7040100,331,319,398,0,0
7041044,329,313,399,0,0
7041972,344,315,408,0,0
7042908,342,303,375,0,0
7043840,353,320,387,0,0
7044776,355,318,403,0,0
7045712,343,313,394,0,0
7046648,340,310,391,0,0
7047580,353,310,396,0,0
7048516,359,310,397,0,0
7049452,347,312,391,0,0
7050388,356,312,380,0,0
7051320,369,316,392,0,0
7052256,356,299,400,0,0
7053192,335,304,396,0,0
7054128,339,324,395,0,0
7055060,352,306,391,0,0
7055996,342,312,396,0,0
7056932,316,313,388,0,0
7057868,327,316,385,0,0
7058800,350,310,401,0,0
7059736,345,311,379,0,0
7060672,334,305,390,0,0
7061608,329,312,397,0,0
7062548,313,299,392,0,0
7063476,332,294,385,0,0
7064412,332,308,399,0,0
7065348,332,312,399,0,0
7066280,337,315,390,0,0
7067216,342,311,408,0,0
7068152,327,319,399,0,0
7069088,319,304,388,0,0
7070020,326,307,390,0,0
7070956,331,315,399,0,0
7071892,335,307,379,0,0
7072828,335,304,376,0,0
7073760,337,311,389,0,0
7074696,339,319,398,0,0
7075632,319,295,400,0,0
7076568,327,307,387,0,0
7077500,338,310,376,0,0
7078436,352,309,387,0,0
7079372,356,317,396,0,0
7080308,355,305,395,0,0
7081240,339,311,405,0,0
7082176,336,315,386,0,0
7083112,344,315,400,0,0
7084052,336,318,397,0,0
7084980,347,312,391,0,0
7085916,356,316,396,0,0
7086852,345,307,399,0,0
7087788,324,309,399,0,0
7088720,319,310,398,0,0
7089656,334,313,393,0,0
7090592,345,312,397,0,0
7091528,351,311,398,0,0
7092460,347,316,396,0,0
7093396,345,316,382,0,0
7094332,347,311,401,0,0
7095268,331,312,385,0,0
7096200,319,304,395,0,0
7097136,327,315,390,0,0
7098072,325,310,403,0,0
7099008,329,315,387,0,0
7099940,337,305,387,0,0
7100876,341,307,387,0,0
7101812,341,316,399,0,0
7102748,334,295,385,0,0
7103680,344,316,399,0,0
7104616,340,312,399,0,0
7105556,334,304,396,0,0
7106488,324,312,398,0,0
7107420,337,310,391,0,0
7108356,347,316,399,0,0
7109292,339,308,391,0,0
7110228,332,312,393,0,0
7111160,332,310,384,0,0
7112096,343,321,399,0,0
7113032,351,321,403,0,0
7113968,340,307,414,0,0
7114900,340,309,396,0,0
7115836,345,319,406,0,0
7116772,348,312,384,0,0
7117708,343,306,391,0,0
7118640,344,316,400,0,0
7119576,345,312,387,0,0
7120512,343,310,401,0,0
7121448,340,316,402,0,0
7122380,359,313,358,0,0
7123316,339,295,387,0,0
7124252,345,311,404,0,0
7125188,345,312,391,0,0
7126120,352,312,386,0,0
7127060,349,316,391,0,0
7127992,344,316,395,0,0
7128928,339,310,390,0,0
7129860,337,312,401,0,0
7130796,337,312,385,0,0
7131732,338,313,393,0,0
7132668,344,319,399,0,0
7133600,343,316,384,0,0
7134536,334,315,396,0,0
7135472,344,307,388,0,0
7136408,347,310,393,0,0
7137340,347,313,394,0,0
7138276,345,316,387,0,0
7139212,337,312,398,0,0
7140148,335,316,398,0,0
7141080,329,307,384,0,0
7142016,334,307,393,0,0
7142952,342,316,399,0,0
7143888,339,308,387,0,0
7144820,349,308,387,0,0
7145756,356,318,391,0,0
7146692,355,314,390,0,0
7147628,351,310,398,0,0
7148564,352,315,384,0,0
7149496,344,318,399,0,0
7150432,353,319,401,0,0
7151368,335,308,398,0,0
7152300,335,315,388,0,0
7153236,327,309,408,0,0
7154172,350,304,389,0,0
7155108,350,307,387,0,0
7156040,349,307,387,0,0
7156976,348,312,396,0,0
7157912,339,315,384,0,0
7158848,334,316,385,0,0
7159780,321,303,384,0,0
7160716,327,310,396,0,0
7161652,335,315,399,0,0
7162588,342,310,391,0,0
7163520,350,312,403,0,0
7164456,345,312,393,0,0
7165392,353,312,383,0,0
7166328,345,303,391,0,0
7167260,346,316,393,0,0
7168196,344,316,396,0,0
7169132,339,319,403,0,0
7170068,332,316,399,0,0
7171000,327,310,401,0,0
7171936,335,315,396,0,0
7172872,346,319,408,0,0
7173808,332,297,396,0,0
7174740,335,307,396,0,0
7175676,338,311,391,0,0
7176612,343,321,386,0,0
7177548,344,319,396,0,0
7178480,347,312,393,0,0
7179416,344,312,395,0,0
7180352,342,313,391,0,0
7181288,334,307,385,0,0
7182220,338,307,384,0,0
7183156,349,324,403,0,0
7184092,339,316,403,0,0
7185028,334,310,393,0,0
7185960,335,308,391,0,0
7186896,343,307,396,0,0
7187832,344,313,391,0,0
7188768,347,311,384,0,0
7189700,344,318,396,0,0
7190636,332,316,401,0,0
7191572,334,312,395,0,0
7192508,327,304,381,0,0
7193440,337,310,398,0,0
7194376,337,302,399,0,0
7195312,352,312,390,0,0
7196248,350,312,396,0,0
7197180,352,312,395,0,0
7198116,339,312,393,0,0
7199052,344,307,390,0,0
7199988,329,307,397,0,0
7200920,331,310,387,0,0
7201856,335,313,387,0,0
7202792,329,307,388,0,0
7203728,339,312,384,0,0
7204660,339,310,388,0,0
7205596,333,313,391,0,0
7206532,342,312,394,0,0
7207468,340,312,392,0,0
7208400,338,316,390,0,0
7209336,344,315,383,0,0
7210272,344,316,399,0,0
7211208,333,305,399,0,0
7212140,342,312,384,0,0
7213076,347,306,397,0,0
7214012,329,300,388,0,0
7214948,337,305,385,0,0
7215880,345,312,391,0,0
7216816,347,314,388,0,0
7217752,342,307,400,0,0
7218688,348,308,393,0,0
7219620,343,311,391,0,0
7220556,345,316,390,0,0
7221492,337,310,403,0,0
7222428,339,319,408,0,0
7223360,338,303,392,0,0
7224296,335,310,383,0,0
7225232,336,310,393,0,0
7226168,338,316,387,0,0
7227100,335,310,399,0,0
7228036,344,305,391,0,0
7228972,339,312,399,0,0
7229908,342,307,397,0,0
7230840,344,316,391,0,0
7231776,343,313,396,0,0
7232712,348,300,386,0,0
7233648,355,322,372,0,0
7234580,335,316,387,0,0
7235516,333,310,397,0,0
7236452,342,308,390,0,0
7237388,351,311,390,0,0
7238320,339,308,391,0,0
7239256,345,316,403,0,0
7240192,342,316,402,0,0
7241128,335,304,395,0,0
7242060,335,316,391,0,0
7242996,335,313,390,0,0
7243932,350,313,367,0,0
7244868,345,316,396,0,0
7245800,344,316,386,0,0
7246736,339,312,395,0,0
7247672,336,304,383,0,0
7248608,345,312,389,0,0
7249540,345,316,387,0,0
7250476,342,312,391,0,0
7251412,344,316,391,0,0
7252348,348,313,399,0,0
7253280,352,323,404,0,0
7254216,332,307,393,0,0
7255152,336,313,391,0,0
7256088,329,307,387,0,0
7257020,335,313,396,0,0
7257956,339,312,397,0,0
7258892,337,307,391,0,0
7259828,339,312,388,0,0
7260760,345,312,391,0,0
7261696,337,307,384,0,0
7262632,337,305,380,0,0
7263568,342,308,380,0,0
7264500,344,325,403,0,0
7265436,345,307,391,0,0
7266372,337,310,397,0,0
7267308,341,312,390,0,0
7268240,335,311,399,0,0
7269176,339,312,387,0,0
7270112,344,316,384,0,0
7271048,339,302,382,0,0
7271980,347,312,391,0,0
7272916,352,319,407,0,0
7273852,348,312,406,0,0
7274788,339,311,391,0,0
7275720,338,314,396,0,0
7276656,343,309,401,0,0
7277592,344,313,397,0,0
7278528,348,320,399,0,0
7279460,352,312,385,0,0
7280396,350,313,399,0,0
7281332,344,312,391,0,0
7282268,350,314,402,0,0
7283200,342,312,403,0,0
7284136,347,311,401,0,0
7285072,348,312,382,0,0
7286008,345,316,387,0,0
7286940,342,313,387,0,0
7287876,345,316,390,0,0
7288812,335,316,402,0,0
7289748,337,305,383,0,0
7290680,342,311,392,0,0
7291616,348,319,406,0,0
7292552,349,316,390,0,0
7293488,355,319,412,0,0
7294420,340,321,407,0,0
7295356,348,307,386,0,0
7296292,344,308,390,0,0
7297228,338,306,385,0,0
7298160,338,307,391,0,0
7299096,335,306,387,0,0
7300032,347,321,406,0,0
7300968,351,319,395,0,0
7301900,350,307,387,0,0
7302836,345,302,388,0,0
7303772,348,319,393,0,0
7304708,350,326,407,0,0
7305640,337,310,388,0,0
7306576,344,312,398,0,0
7307512,332,313,402,0,0
7308448,336,309,391,0,0
7309380,339,313,400,0,0
7310316,339,310,399,0,0
7311252,339,322,408,0,0
7312188,340,310,387,0,0
7313120,345,307,379,0,0
7314056,347,321,385,0,0
7314992,337,317,395,0,0
7315928,332,317,387,0,0
7316860,335,304,401,0,0
7317796,340,312,391,0,0
7318732,345,312,388,0,0
7319668,350,315,388,0,0
7320600,352,312,390,0,0
7321536,335,307,384,0,0
7322472,327,313,419,0,0
7323408,335,313,387,0,0
7324340,333,311,411,0,0
7325276,339,316,399,0,0
7326212,339,308,391,0,0
7327148,344,310,393,0,0
7328080,347,312,398,0,0
7329016,352,312,396,0,0
7329952,347,313,390,0,0
7330888,339,316,391,0,0
7331820,340,312,388,0,0
7332756,337,312,384,0,0
7333692,337,312,396,0,0
7334628,338,312,387,0,0
7335560,344,308,382,0,0
7336496,355,308,399,0,0
7337432,352,312,401,0,0
7338368,345,307,395,0,0
7339300,346,318,387,0,0
7340236,352,316,404,0,0
7341172,346,316,385,0,0
7342108,344,315,388,0,0
7343040,340,316,409,0,0
7343976,344,304,390,0,0
7344912,340,314,403,0,0
7345848,331,310,396,0,0
7346780,339,311,387,0,0
7347716,342,303,387,0,0
7348652,344,312,401,0,0
7349588,342,315,400,0,0
7350520,327,313,398,0,0
7351456,327,310,387,0,0
7352392,329,305,385,0,0
7353328,339,310,399,0,0
7354260,343,307,393,0,0
7355196,341,315,403,0,0
7356132,347,313,387,0,0
7357068,345,316,390,0,0
7358000,348,315,400,0,0
7358936,345,317,399,0,0
7359872,337,310,391,0,0
7360808,334,307,404,0,0
7361740,332,312,397,0,0
7362676,327,305,391,0,0
7363612,327,305,399,0,0
7364548,334,312,399,0,0
7365480,335,307,388,0,0
7366416,340,309,382,0,0
7367352,341,315,396,0,0
7368288,340,309,388,0,0
7369220,347,312,386,0,0
7370156,343,312,399,0,0
7371092,339,313,396,0,0
7372028,347,307,380,0,0
7372960,359,327,415,0,0
7373896,355,306,379,0,0
7374832,339,315,391,0,0
7375768,327,303,388,0,0
7376700,332,312,385,0,0
7377636,338,315,402,0,0
7378572,337,310,388,0,0
7379508,327,311,396,0,0
7380440,332,312,399,0,0
7381376,338,307,395,0,0
7382312,336,304,391,0,0
7383248,348,319,388,0,0
7384180,347,311,403,0,0
7385116,350,311,396,0,0
7386052,345,312,402,0,0
7386988,352,315,397,0,0
7387920,353,316,401,0,0
7388856,350,312,403,0,0
7389792,343,308,385,0,0
7390728,345,308,377,0,0
7391660,345,308,392,0,0
7392596,344,313,400,0,0
7393532,337,315,401,0,0
7394468,337,316,386,0,0
7395400,347,314,396,0,0
7396336,350,312,399,0,0
7397272,340,304,384,0,0
7398208,355,314,384,0,0
7399140,355,308,386,0,0
7400076,352,316,401,0,0
7401012,343,312,387,0,0
7401948,340,307,387,0,0
7402880,333,305,409,0,0
7403816,335,315,388,0,0
7404752,327,304,395,0,0
7405688,336,308,395,0,0
7406620,342,307,389,0,0
7407556,350,316,398,0,0
7408492,352,310,389,0,0
7409428,347,311,398,0,0
7410360,352,312,391,0,0
7411296,345,308,403,0,0
7412232,335,310,399,0,0
7413168,344,312,398,0,0
7414100,342,302,408,0,0
7415036,337,312,399,0,0
7415972,335,308,395,0,0
7416908,330,304,391,0,0
7417840,336,316,391,0,0
7418776,335,315,403,0,0
7419712,334,305,391,0,0
7420648,345,313,385,0,0
7421580,363,319,400,0,0
7422516,354,304,386,0,0
7423452,352,327,420,0,0
7424388,348,315,392,0,0
7425320,352,307,393,0,0
7426256,354,305,393,0,0
7427192,352,313,401,0,0
7428128,350,308,383,0,0
7429060,356,318,383,0,0
7429996,352,315,396,0,0
7430932,342,313,391,0,0
7431868,331,316,396,0,0
7432800,332,305,384,0,0
7433736,343,310,401,0,0
7434672,355,316,391,0,0
7435608,358,315,388,0,0
7436540,355,319,395,0,0
7437476,344,308,389,0,0
7438412,342,309,384,0,0
7439348,338,304,390,0,0
7440280,335,310,391,0,0
7441216,344,312,387,0,0
7442152,344,319,396,0,0
7443088,339,307,399,0,0
7444020,344,310,401,0,0
7444956,344,315,391,0,0
7445892,355,312,393,0,0
7446828,344,304,399,0,0
7447760,327,309,391,0,0
7448696,322,312,384,0,0
7449632,322,307,391,0,0
7450568,333,312,401,0,0
7451500,352,316,396,0,0
7452436,352,312,396,0,0
7453372,345,318,422,0,0
7454308,370,311,400,0,0
7455240,358,304,396,0,0
7456176,353,322,387,0,0
7457112,329,322,395,0,0
7458048,319,312,401,0,0
7458980,316,284,399,0,0
7459916,319,307,387,0,0
7460852,332,303,391,0,0
7461788,358,313,393,0,0
7462720,371,327,394,0,0
7463656,376,322,387,0,0
7464592,358,307,403,0,0
7465528,336,294,399,0,0
7466460,339,307,398,0,0
7467396,355,320,396,0,0
7468332,369,326,399,0,0
7469268,379,310,399,0,0
7470200,391,311,406,0,0
7471136,398,344,382,0,0
7472072,329,300,404,0,0
7473008,318,313,404,0,0
7473940,335,318,402,0,0
7474876,342,323,377,0,0
7475812,316,318,391,0,0
7476748,283,294,406,0,0
7477680,279,291,408,0,0
7478616,342,326,371,0,0
7479552,353,307,408,0,0
7480488,316,307,391,0,0
7481420,311,303,380,0,0
7482356,313,315,398,0,0
7483292,315,307,391,0,0
7484228,321,308,385,0,0
7485160,342,313,398,0,0
7486096,344,315,386,0,0
7487032,332,315,397,0,0
7487968,335,310,388,0,0
7488900,336,300,391,0,0
7489836,345,305,391,0,0
7490772,355,317,403,0,0
7491708,344,312,399,0,0
7492640,344,319,392,0,0
7493576,330,310,390,0,0
7494512,327,313,391,0,0
7495448,349,313,399,0,0
7496380,359,307,382,0,0
7497316,377,321,384,0,0
7498252,377,321,396,0,0
7499188,359,309,402,0,0
7500120,352,311,391,0,0
7501056,353,308,387,0,0
7501992,342,307,399,0,0
7502928,348,324,387,0,0
7503860,344,313,391,0,0
7504796,332,310,396,0,0
7505732,323,307,406,0,0
7506668,312,310,396,0,0
7507600,318,312,386,0,0
7508536,344,319,385,0,0
7509472,355,302,404,0,0
7510408,335,318,393,0,0
7511340,325,307,391,0,0
7512276,339,313,379,0,0
7513212,344,301,385,0,0
7514148,348,312,398,0,0
7515080,343,308,393,0,0
7516016,345,313,388,0,0
7516952,344,313,393,0,0
7517888,344,318,390,0,0
7518820,338,305,397,0,0
7519756,335,304,395,0,0
7520692,335,306,387,0,0
7521628,353,327,403,0,0
7522560,344,307,391,0,0
7523496,342,317,377,0,0
7524432,327,305,388,0,0
7525368,339,313,387,0,0
7526300,344,316,395,0,0
7527236,350,324,387,0,0
7528172,331,295,387,0,0
7529108,329,307,384,0,0
7530040,332,315,408,0,0
7530976,341,311,396,0,0
7531912,339,312,395,0,0
7532848,349,306,401,0,0
7533780,337,313,391,0,0
7534716,340,327,403,0,0
7535652,345,308,398,0,0
7536588,342,304,388,0,0
7537520,339,303,398,0,0
7538456,340,307,388,0,0
7540328,353,319,407,0,0
7541260,348,316,391,0,0
7542196,345,315,385,0,0
7543132,339,306,412,0,0
7544068,357,307,386,0,0
7545000,351,315,406,0,0
7545936,337,312,394,0,0
7546872,345,319,391,0,0
7547808,350,316,388,0,0
7548740,345,304,388,0,0
7549676,344,308,403,0,0
7550612,345,311,398,0,0
7551548,352,312,400,0,0
7552480,361,317,396,0,0
7553416,374,323,368,0,0
7554352,355,327,384,0,0
7555288,335,304,391,0,0
7556220,337,312,401,0,0
7557156,342,307,395,0,0
7558092,344,318,386,0,0
7559028,337,318,398,0,0
7559960,334,312,391,0,0
7560896,331,311,412,0,0
7561832,326,310,393,0,0
7562768,332,306,375,0,0
7563700,348,312,395,0,0
7564636,354,318,387,0,0
7565572,352,312,401,0,0
7566508,340,312,391,0,0
7567440,323,307,395,0,0
7568376,316,307,393,0,0
7569312,332,312,396,0,0
7570248,352,316,390,0,0
7571180,355,315,391,0,0
7572116,337,306,390,0,0
7573052,337,319,402,0,0
7573988,353,313,387,0,0
7574920,359,306,398,0,0
7575856,344,312,384,0,0
7576792,334,307,398,0,0
7577728,338,312,396,0,0
7578660,342,310,384,0,0
7579596,327,307,392,0,0
7580532,311,304,397,0,0
7581468,316,303,380,0,0
7582400,327,310,391,0,0
7583336,344,319,399,0,0
7584272,345,312,399,0,0
7585208,341,307,390,0,0
7586140,353,316,390,0,0
7587076,357,307,391,0,0
7588012,343,312,396,0,0
7588948,316,306,398,0,0
7589880,327,315,380,0,0
7590816,344,321,389,0,0
7591752,344,300,391,0,0
7592688,343,308,387,0,0
7593620,345,310,384,0,0
7594556,337,300,399,0,0
7595492,328,310,390,0,0
7596428,336,319,388,0,0
7597360,361,318,406,0,0
7598296,356,318,399,0,0
7599232,345,321,398,0,0
7600168,363,315,393,0,0
7601100,363,313,392,0,0
7602036,355,319,398,0,0
7602972,354,300,398,0,0
7603908,356,316,395,0,0
7605776,335,323,385,0,0
7606712,327,312,396,0,0
7607648,318,304,407,0,0
7608580,323,307,390,0,0
7609516,335,310,388,0,0
7610452,346,316,385,0,0
7611388,342,315,393,0,0
7612320,344,318,403,0,0
7613256,330,313,393,0,0
7614192,352,322,380,0,0
7615128,342,316,399,0,0
7616060,336,307,395,0,0
7616996,329,304,392,0,0
7617932,328,307,394,0,0
7618868,327,307,393,0,0
7619800,343,317,385,0,0
7620736,347,312,401,0,0
7621672,348,312,396,0,0
7622608,344,325,405,0,0
7623540,353,307,372,0,0
7624476,363,319,377,0,0
7625412,356,312,399,0,0
7626348,327,305,398,0,0
7627280,317,300,387,0,0
7628216,327,307,391,0,0
7629152,348,317,396,0,0
7630088,364,319,399,0,0
7631020,359,316,384,0,0
7631956,352,311,385,0,0
7632892,348,317,400,0,0
7633828,355,319,395,0,0
7634760,342,312,396,0,0
7635696,332,315,397,0,0
7636632,326,310,401,0,0
7637568,328,312,387,0,0
7638500,344,312,387,0,0
7639436,355,312,399,0,0
7640372,353,313,386,0,0
7641308,354,318,396,0,0
7642240,359,323,400,0,0
7643176,348,307,403,0,0
7644112,329,304,399,0,0
7645048,334,311,387,0,0
7645980,344,314,387,0,0
7646916,350,312,401,0,0
7647852,371,319,379,0,0
7648788,368,310,389,0,0
7649720,344,305,408,0,0
7650656,336,315,391,0,0
7651592,334,310,387,0,0
7652528,327,306,384,0,0
7653460,337,303,390,0,0
7654396,327,318,408,0,0
7655332,339,316,387,0,0
7656268,335,304,399,0,0
7657200,335,310,390,0,0
7658136,342,313,390,0,0
7659072,344,304,391,0,0
7660008,347,308,403,0,0
7660940,355,306,384,0,0
7661876,354,311,396,0,0
7662812,355,312,406,0,0
7663748,367,319,385,0,0
7664680,340,316,415,0,0
7665616,335,305,391,0,0
7666552,352,310,393,0,0
7667488,363,304,396,0,0
7668420,364,316,393,0,0
7669356,376,321,403,0,0
7671228,382,319,384,0,0
7672160,344,303,399,0,0
7673096,324,319,402,0,0
7674032,307,316,385,0,0
7674968,292,302,391,0,0
7675900,318,305,391,0,0
7676836,340,315,396,0,0
7677772,323,315,401,0,0
7678708,323,318,396,0,0
7679640,313,308,412,0,0
7680576,307,304,387,0,0
7681512,335,313,372,0,0
7682448,368,320,402,0,0
7683380,361,314,409,0,0
7684316,335,307,386,0,0
7685252,322,302,391,0,0
7686188,321,305,399,0,0
7687120,312,311,404,0,0
7688056,348,307,368,0,0
7688992,369,323,398,0,0
7689928,351,316,399,0,0
7690860,340,306,380,0,0
7691796,347,308,390,0,0
7692732,357,316,384,0,0
7693668,348,318,403,0,0
7694600,336,325,408,0,0
7695536,353,318,387,0,0
7696472,357,312,397,0,0
7697408,350,305,400,0,0
7698340,335,313,384,0,0
7699276,347,315,384,0,0
7700212,339,309,384,0,0
7701148,323,304,388,0,0
7702080,333,316,391,0,0
7703016,352,312,403,0,0
7703952,350,321,391,0,0
7704888,352,316,379,0,0
7705820,335,297,403,0,0
7706756,342,316,392,0,0
7707692,350,318,399,0,0
7708628,339,305,387,0,0
7709560,331,311,388,0,0
7710496,342,307,387,0,0
7711432,350,310,391,0,0
7712368,356,307,388,0,0
7713300,344,321,391,0,0
7714236,345,307,404,0,0
7715172,342,313,393,0,0
7716108,339,316,390,0,0
7717040,335,312,391,0,0
7717976,327,310,388,0,0
7718916,324,315,391,0,0
7719848,307,306,389,0,0
7720780,319,305,388,0,0
7721716,334,310,393,0,0
7722652,352,310,393,0,0
7723588,350,310,390,0,0
7724520,351,319,396,0,0
7725456,339,313,384,0,0
7726392,330,313,396,0,0
7727328,339,315,399,0,0
7728260,342,315,390,0,0
7729196,335,317,396,0,0
7730132,332,297,395,0,0
7731068,339,306,387,0,0
7732000,352,319,393,0,0
7732936,344,318,415,0,0
7733872,347,312,390,0,0
7734808,347,321,381,0,0
7735740,337,312,398,0,0
7736676,324,310,393,0,0
7737612,331,302,392,0,0
7738548,343,299,381,0,0
7739480,349,319,383,0,0
7740424,348,327,395,0,0
7741352,337,312,397,0,0
7742288,324,308,387,0,0
7743220,331,304,393,0,0
7744156,335,305,391,0,0
7745092,353,312,384,0,0
7746028,348,316,391,0,0
7746960,348,319,403,0,0
7747896,348,318,394,0,0
7748832,331,316,387,0,0
7749768,318,298,384,0,0
7750700,335,302,394,0,0
7751636,344,309,399,0,0
7752572,356,316,400,0,0
7753508,358,315,408,0,0
7754440,353,314,415,0,0
7755376,352,314,395,0,0
7756312,334,312,393,0,0
7757248,334,310,387,0,0
7758180,336,307,395,0,0
7759116,352,308,391,0,0
7760052,348,314,391,0,0
7760988,334,315,406,0,0
7761928,332,312,387,0,0
7762856,332,312,392,0,0
7763792,347,302,395,0,0
7764728,343,311,385,0,0
7765660,341,308,385,0,0
7766596,332,312,405,0,0
7767532,327,315,401,0,0
7768468,345,309,390,0,0
7769400,356,312,403,0,0
7770336,352,311,393,0,0
7771272,345,307,383,0,0
7772208,348,303,375,0,0
7773140,339,305,391,0,0
7774076,352,312,368,0,0
7775012,335,304,381,0,0
7775948,342,307,393,0,0
7776880,332,313,398,0,0
7777816,327,313,388,0,0
7778752,339,311,399,0,0
7779688,332,312,391,0,0
7780620,333,307,396,0,0
7781556,343,319,407,0,0
7782492,348,311,392,0,0
7783432,347,316,391,0,0
7784360,344,319,393,0,0
7785296,343,310,399,0,0
7786232,339,315,389,0,0
7787168,343,307,393,0,0
7788100,337,308,387,0,0
7789036,335,308,398,0,0
7789972,331,304,393,0,0
7790908,332,310,399,0,0
7791840,337,307,391,0,0
7792776,339,316,393,0,0
7793712,340,306,393,0,0
7794648,327,295,376,0,0
7795580,337,307,391,0,0
7796516,348,312,395,0,0
7797452,348,316,387,0,0
7798388,340,312,399,0,0
7799320,343,307,392,0,0
7800256,352,312,397,0,0
7801192,348,316,396,0,0
7802128,347,308,399,0,0
7803060,339,307,386,0,0
7803996,337,318,386,0,0
7804936,334,308,388,0,0
7805868,344,312,393,0,0
7806800,350,311,396,0,0
7807736,352,317,391,0,0
7808672,344,311,391,0,0
7809608,352,315,391,0,0
7810540,352,312,401,0,0
7811476,337,308,397,0,0
7812412,327,312,385,0,0
7813348,327,312,393,0,0
7814280,352,321,411,0,0
7815216,359,318,391,0,0
7816152,359,310,393,0,0
7817088,352,312,399,0,0
7818020,344,313,384,0,0
7818956,334,311,392,0,0
7819892,332,310,391,0,0
7820828,335,316,391,0,0
7821760,332,307,393,0,0
7822696,342,310,384,0,0
7823632,348,304,392,0,0
7824568,342,316,387,0,0
7825500,348,319,399,0,0
7826444,344,316,396,0,0
7827372,345,319,401,0,0
7828308,348,313,397,0,0
7829240,352,313,398,0,0
7830176,352,312,399,0,0
7831112,344,313,390,0,0
7832048,335,312,398,0,0
7832980,339,317,409,0,0
7833916,340,307,391,0,0
7834852,339,307,399,0,0
7835788,339,312,391,0,0
7836720,340,317,393,0,0
7837656,344,312,396,0,0
7838592,341,313,398,0,0
7839528,344,308,396,0,0
7840460,352,315,391,0,0
7841396,351,316,386,0,0
7842332,347,315,386,0,0
7843268,340,307,383,0,0
7844200,340,312,388,0,0
7845136,347,316,395,0,0
7846072,345,304,392,0,0
7847008,352,310,384,0,0
7847948,361,323,404,0,0
7848876,352,312,400,0,0
7849812,354,323,401,0,0
7850748,348,315,387,0,0
7851680,340,304,402,0,0
7852616,344,318,385,0,0
7853552,339,311,387,0,0
7854488,344,307,384,0,0
7855420,342,319,396,0,0
7856356,339,315,403,0,0
7857292,343,304,388,0,0
7858228,352,312,401,0,0
7859160,359,317,386,0,0
7860096,348,313,397,0,0
7861032,334,324,399,0,0
7861968,319,307,399,0,0
7862900,319,295,380,0,0
7863836,319,302,402,0,0
7864772,344,308,359,0,0
7865708,339,316,402,0,0
7866640,351,316,395,0,0
7867576,345,315,403,0,0
7868512,344,305,396,0,0
7869452,335,312,393,0,0
7870380,321,300,404,0,0
7871316,321,308,390,0,0
7872252,335,315,391,0,0
7873188,343,313,391,0,0
7874120,370,316,376,0,0
7875056,364,323,401,0,0
7875992,363,319,399,0,0
7876928,359,308,391,0,0
7877860,340,312,399,0,0
7878796,332,308,391,0,0
7879732,326,313,391,0,0
7880668,332,311,398,0,0
7881600,332,319,395,0,0
7882536,337,298,399,0,0
7883472,349,316,399,0,0
7884408,350,312,384,0,0
7885340,350,322,399,0,0
7886276,345,310,394,0,0
7887212,339,312,395,0,0
7888148,345,312,401,0,0
7889080,363,312,387,0,0
7890016,351,312,385,0,0
7890956,358,319,384,0,0
7891888,359,310,399,0,0
7892820,329,306,408,0,0
7893756,323,313,385,0,0
7894692,301,295,384,0,0
7895628,327,317,396,0,0
7896560,335,316,401,0,0
7897496,333,308,393,0,0
7898432,329,312,390,0,0
7899368,319,311,396,0,0
7900300,323,310,387,0,0
7901236,335,312,399,0,0
7902172,336,312,396,0,0
7903108,341,312,394,0,0
7904040,328,306,411,0,0
7904976,337,311,389,0,0
7905912,335,314,394,0,0
7906848,336,307,391,0,0
7907780,339,310,390,0,0
7908716,348,316,391,0,0
7909652,353,312,391,0,0
7910588,345,316,399,0,0
7911520,358,323,403,0,0
7912464,352,312,401,0,0
7913392,348,317,387,0,0
7914328,349,315,393,0,0
7915260,352,309,398,0,0
7916196,354,313,389,0,0
7917132,337,312,406,0,0
7918068,323,311,387,0,0
7919000,319,304,394,0,0
7919936,335,304,395,0,0
7920872,348,313,406,0,0
7921808,358,313,395,0,0
7922740,353,313,387,0,0
7923676,340,325,411,0,0
7924612,340,301,399,0,0
7925548,326,300,396,0,0
7926480,332,307,387,0,0
7927416,344,312,376,0,0
7928352,342,307,406,0,0
7929288,337,319,395,0,0
7930220,338,313,395,0,0
7931156,332,312,410,0,0
7932092,335,308,396,0,0
7933028,331,310,390,0,0
7933968,326,312,391,0,0
7934896,327,309,391,0,0
7935832,329,312,394,0,0
7936768,329,308,391,0,0
7937700,334,305,391,0,0
7938636,343,316,391,0,0
7939572,340,308,395,0,0
7940508,344,315,391,0,0
7941440,342,308,395,0,0
7942376,343,311,401,0,0
7943312,344,319,399,0,0
7944248,342,311,399,0,0
7945180,338,305,376,0,0
7946116,342,316,401,0,0
7947052,343,318,391,0,0
7947988,342,312,401,0,0
7948920,339,312,399,0,0
7949856,341,307,391,0,0
7950792,341,307,393,0,0
7951728,344,312,392,0,0
7952660,340,312,396,0,0
7953596,339,312,388,0,0
7954532,335,307,379,0,0
7955472,335,312,398,0,0
7956400,340,311,385,0,0
7957336,337,308,384,0,0
7958272,336,306,391,0,0
7959208,339,307,396,0,0
7960140,344,315,401,0,0
7961076,344,310,400,0,0
7962012,344,313,393,0,0
7962948,336,311,413,0,0
7963880,355,315,371,0,0
7964816,348,309,364,0,0
7965752,344,312,395,0,0
7966688,339,313,396,0,0
7967620,339,307,387,0,0
7968556,332,305,391,0,0
7969492,335,306,384,0,0
7970428,345,313,389,0,0
7971360,350,312,396,0,0
7972296,345,305,396,0,0
7973232,332,311,419,0,0
7974168,353,319,403,0,0
7975100,342,313,394,0,0
7976036,348,312,396,0,0
7976976,337,311,393,0,0
7977908,339,316,397,0,0
7978840,339,305,387,0,0
7979776,333,310,388,0,0
7980712,340,318,395,0,0
7981648,344,312,403,0,0
7982580,334,311,385,0,0
7983516,342,310,391,0,0
7984452,345,319,376,0,0
7985388,350,317,401,0,0
7986320,346,307,388,0,0
7987256,338,307,398,0,0
7988192,335,307,391,0,0
7989128,337,305,390,0,0
7990060,350,309,393,0,0
7990996,352,305,390,0,0
7991932,353,312,390,0,0
7992868,350,307,391,0,0
7993800,343,316,414,0,0
7994736,332,299,384,0,0
7995672,347,316,402,0,0
7996608,339,308,398,0,0
7997540,339,312,395,0,0
7998484,335,307,397,0,0
7999412,339,314,396,0,0
8000348,340,312,387,0,0
8001280,342,318,399,0,0
8002216,342,308,393,0,0
8003152,344,313,386,0,0
8004088,354,313,392,0,0
8005020,353,318,415,0,0
8005956,359,316,396,0,0
8006892,358,312,390,0,0
8007828,335,312,402,0,0
8008760,335,316,388,0,0
8009696,342,310,407,0,0
8010632,336,314,399,0,0
8011568,344,314,391,0,0
8012500,355,316,403,0,0
8013436,355,318,392,0,0
8014372,351,315,404,0,0
8015308,343,315,393,0,0
8016240,331,306,390,0,0
8017176,347,308,401,0,0
8018112,339,312,387,0,0
8019048,338,310,385,0,0
8019988,344,313,393,0,0
8020916,343,307,396,0,0
8021852,340,306,391,0,0
8022788,345,310,406,0,0
8023720,339,316,397,0,0
8024656,352,319,384,0,0
8025592,342,320,409,0,0
8026528,332,318,409,0,0
8027460,334,311,386,0,0
8028396,350,316,404,0,0
8029332,342,313,409,0,0
8030268,332,312,396,0,0
8031200,342,311,390,0,0
8032136,345,312,395,0,0
8033072,358,319,404,0,0
8034008,339,312,391,0,0
8034940,319,303,390,0,0
8035876,321,307,391,0,0
8036812,323,304,396,0,0
8037748,331,308,391,0,0
8038680,327,305,395,0,0
8039616,335,315,400,0,0
8040552,332,310,391,0,0
8041492,345,315,396,0,0
8042420,344,304,387,0,0
8043356,339,311,385,0,0
8044292,328,312,401,0,0
8045228,344,307,396,0,0
8046160,339,315,399,0,0
8047096,335,312,395,0,0
8048032,342,311,390,0,0
8048968,335,313,395,0,0
8049900,342,310,391,0,0
8050836,344,312,404,0,0
8051772,339,308,390,0,0
8052708,340,314,391,0,0
8053640,331,310,403,0,0
8054576,329,312,380,0,0
8055512,327,304,394,0,0
8056448,332,312,393,0,0
8057380,339,313,396,0,0
8058316,348,313,391,0,0
8059252,335,312,387,0,0
8060188,340,308,397,0,0
8061120,339,312,391,0,0
8062056,345,321,400,0,0
8062996,334,319,403,0,0
8063928,344,327,394,0,0
8064860,343,305,392,0,0
8065796,337,313,399,0,0
8066732,340,310,398,0,0
8067668,341,313,401,0,0
8068600,352,312,391,0,0
8069536,343,311,395,0,0
8070472,335,312,390,0,0
8071408,332,311,399,0,0
8072340,339,307,391,0,0
8073276,332,305,393,0,0
8074212,339,313,403,0,0
8075148,337,313,393,0,0
8076080,335,310,395,0,0
8077016,336,312,399,0,0
8077952,344,307,391,0,0
8078888,345,312,395,0,0
8079820,346,310,387,0,0
8080756,343,313,399,0,0
8081692,335,307,384,0,0
8082628,333,305,385,0,0
8083560,338,310,404,0,0
8084500,339,303,397,0,0
8085432,342,311,401,0,0
8086368,342,310,391,0,0
8087300,341,310,395,0,0
8088236,344,310,395,0,0
8089172,340,312,399,0,0
8090108,339,312,399,0,0
8091040,343,308,390,0,0
8091976,344,318,399,0,0
8092912,345,312,398,0,0
8093848,340,318,387,0,0
8094780,350,313,400,0,0
8095716,339,314,395,0,0
8096652,344,316,406,0,0
8097588,335,307,384,0,0
8098520,342,316,401,0,0
8099456,347,312,399,0,0
8100392,341,316,408,0,0
8101328,335,311,391,0,0
8102260,337,316,404,0,0
8103196,343,308,385,0,0
8104132,339,310,403,0,0
8105068,352,312,364,0,0
8106004,342,307,384,0,0
8106936,335,308,393,0,0
8107872,339,308,393,0,0
8108808,342,312,396,0,0
8109740,339,308,399,0,0
8110676,342,316,387,0,0
8111612,350,319,408,0,0
8112548,345,312,399,0,0
8113480,350,316,404,0,0
8114416,344,315,390,0,0
8115352,350,308,398,0,0
8116288,339,310,391,0,0
8117220,334,312,390,0,0
8118156,337,309,395,0,0
8119092,348,310,390,0,0
8120028,352,312,385,0,0
8120960,352,319,406,0,0
8121896,345,315,399,0,0
8122832,350,307,395,0,0
8123768,348,305,391,0,0
8124700,340,312,399,0,0
8125636,344,312,387,0,0
8126572,348,313,400,0,0
8127508,343,311,391,0,0
8128440,345,319,403,0,0
8129376,347,319,404,0,0
8130312,344,312,396,0,0
8131248,345,308,389,0,0
8132180,340,310,398,0,0
8133116,337,307,393,0,0
8134052,344,316,391,0,0
8134988,344,308,391,0,0
8135920,342,312,393,0,0
8136856,344,316,403,0,0
8137792,335,310,401,0,0
8138728,337,309,385,0,0
8139660,342,315,391,0,0
8140596,344,308,384,0,0
8141532,347,316,398,0,0
8142468,338,312,384,0,0
8143400,343,310,380,0,0
8144336,345,318,384,0,0
8145272,343,297,377,0,0
8146208,343,307,384,0,0
8147140,339,313,391,0,0
8148076,335,316,396,0,0
8149012,339,310,394,0,0
8149948,340,308,388,0,0
8150880,341,307,387,0,0
8151816,339,308,391,0,0
8152752,337,313,402,0,0
8153688,342,318,395,0,0
8154620,343,310,401,0,0
8155556,342,315,392,0,0
8156492,342,316,387,0,0
8157428,339,308,396,0,0
8158360,341,307,393,0,0
8159296,342,312,391,0,0
8160232,340,311,396,0,0
8161168,339,310,390,0,0
8162100,342,312,385,0,0
8163036,338,315,411,0,0
8163972,348,300,371,0,0
8164908,348,327,396,0,0
8165840,339,312,391,0,0
8166776,340,311,398,0,0
8167712,342,307,395,0,0
8168648,344,316,395,0,0
8169580,344,307,391,0,0
8170516,345,313,396,0,0
8171452,344,307,396,0,0
8172388,344,312,383,0,0
8173320,334,304,384,0,0
8174256,340,300,376,0,0
8175192,348,321,368,0,0
8176128,342,309,398,0,0
8177060,341,318,406,0,0
8177996,344,318,398,0,0
8178932,343,312,391,0,0
8179868,342,307,398,0,0
8180800,339,313,388,0,0
8181736,342,310,387,0,0
8182672,341,307,395,0,0
8183608,337,307,391,0,0
8184540,341,314,391,0,0
8185476,344,311,385,0,0
8186412,352,316,400,0,0
8187348,343,308,391,0,0
8188280,339,312,391,0,0
8189216,337,312,395,0,0
8190152,345,312,396,0,0
8191088,349,316,395,0,0
8192020,347,316,403,0,0
8192956,344,316,401,0,0
8193892,337,306,385,0,0
8194828,346,305,395,0,0
8195760,345,316,399,0,0
8196696,345,308,396,0,0
8197632,343,305,384,0,0
8198568,344,311,398,0,0
8199500,337,312,393,0,0
8200436,345,318,399,0,0
8201372,347,312,397,0,0
8202308,347,315,387,0,0
8203240,338,316,396,0,0
8204176,335,312,385,0,0
8205112,340,316,380,0,0
8206048,336,306,394,0,0
8206980,339,312,403,0,0
8207916,342,309,398,0,0
8208852,344,317,398,0,0
8209788,342,310,399,0,0
8210720,343,315,396,0,0
8211656,347,307,391,0,0
8212592,347,308,394,0,0
8213528,357,323,381,0,0
8214460,350,329,408,0,0
8215396,344,307,391,0,0
8216332,340,302,391,0,0
8217268,343,313,385,0,0
8218200,344,309,398,0,0
8219136,345,312,398,0,0
8220072,336,305,393,0,0
8221008,334,312,393,0,0
8221940,339,315,396,0,0
8222876,342,308,396,0,0
8223812,337,310,384,0,0
8224748,334,311,401,0,0
8225680,342,319,393,0,0
8226616,344,305,390,0,0
8227552,342,319,387,0,0
8228488,347,312,380,0,0
8229420,348,315,398,0,0
8230356,347,308,399,0,0
8231292,347,312,387,0,0
8232228,345,308,397,0,0
8233160,348,315,396,0,0
8234096,353,316,407,0,0
8235032,340,310,391,0,0
8235968,345,309,391,0,0
8236900,342,311,394,0,0
8237836,337,310,388,0,0
8238772,343,312,385,0,0
8239708,342,312,406,0,0
8240640,344,315,388,0,0
8241576,355,310,384,0,0
8242512,350,310,399,0,0
8243448,337,305,384,0,0
8244380,344,316,380,0,0
8245316,350,327,388,0,0
8246252,337,316,388,0,0
8247188,334,305,393,0,0
8248120,339,307,398,0,0
8249056,341,311,388,0,0
8249992,347,312,398,0,0
8250928,344,312,396,0,0
8251860,336,310,388,0,0
8252796,340,313,396,0,0
8253732,342,304,395,0,0
8254668,354,311,391,0,0
8255600,349,315,395,0,0
8256536,351,311,390,0,0
8257472,333,312,393,0,0
8258408,337,313,390,0,0
8259340,340,312,393,0,0
8261212,327,304,388,0,0
8262148,329,312,399,0,0
8263080,334,299,386,0,0
8264016,332,314,390,0,0
8264952,339,308,387,0,0
8265888,337,312,387,0,0
8266820,344,309,391,0,0
8267756,338,314,395,0,0
8268692,346,315,398,0,0
8269628,339,306,401,0,0
8270560,341,319,399,0,0
8271496,339,310,401,0,0
8272432,341,308,393,0,0
8273368,337,321,390,0,0
8274300,334,306,380,0,0
8275236,344,312,399,0,0
8276172,350,313,390,0,0
8277108,366,319,380,0,0
8278040,356,313,399,0,0
8278976,339,303,387,0,0
8279912,339,323,403,0,0
8280848,337,308,394,0,0
8281780,342,314,389,0,0
8282716,331,305,403,0,0
8283652,324,302,375,0,0
8284588,321,310,397,0,0
8285520,336,312,390,0,0
8286456,342,313,395,0,0
8287392,345,310,396,0,0
8288328,342,310,391,0,0
8289260,345,316,393,0,0
8290196,344,313,397,0,0
8291132,344,312,399,0,0
8292068,348,312,399,0,0
8293000,352,313,386,0,0
8293936,348,315,393,0,0
8294872,344,315,398,0,0
8295808,348,316,396,0,0
8296740,348,308,393,0,0
8297676,345,312,399,0,0
8298612,329,307,396,0,0
8299548,326,307,391,0,0
8300480,335,304,379,0,0
8301416,349,310,387,0,0
8302352,339,315,404,0,0
8303288,335,312,391,0,0
8304220,334,316,404,0,0
8305156,335,310,423,0,0
8306092,348,317,384,0,0
8307028,354,308,382,0,0
8307960,363,312,384,0,0
8308896,358,318,395,0,0
8309832,336,310,396,0,0
8310768,329,304,396,0,0
8311700,336,315,385,0,0
8312636,342,310,395,0,0
8313572,345,327,395,0,0
8314508,345,309,393,0,0
8315440,339,308,398,0,0
8316376,337,310,396,0,0
8317312,348,312,398,0,0
8318248,359,316,393,0,0
8319180,355,317,399,0,0
8320116,348,319,398,0,0
8321052,336,310,396,0,0
8321988,326,302,390,0,0
8322920,335,303,387,0,0
8323856,324,295,370,0,0
8324792,350,315,368,0,0
8326660,355,312,390,0,0
8327596,345,312,395,0,0
8328532,331,307,391,0,0
8329468,343,312,387,0,0
8330400,352,310,388,0,0
8331336,359,323,406,0,0
8332272,347,304,384,0,0
8333208,345,308,387,0,0
8334140,332,302,384,0,0
8335076,335,307,408,0,0
8336012,340,310,391,0,0
8336948,350,315,398,0,0
8337880,359,312,395,0,0
8338816,365,316,387,0,0
8339752,363,318,393,0,0
8340688,359,313,392,0,0
8341620,350,311,404,0,0
8342556,344,316,397,0,0
8343492,339,314,399,0,0
8344428,334,312,393,0,0
8345360,333,312,399,0,0
8346296,331,312,391,0,0
8347232,327,309,390,0,0
8348168,339,308,396,0,0
8349100,342,307,387,0,0
8350036,339,315,396,0,0
8350972,348,312,384,0,0
8351908,344,311,399,0,0
8352840,337,313,388,0,0
8353776,327,313,387,0,0
8354712,329,300,383,0,0
8355648,335,312,395,0,0
8356580,339,316,395,0,0
8357516,339,312,391,0,0
8358452,335,311,396,0,0
8359388,339,315,387,0,0
8360320,348,304,395,0,0
8361256,353,319,404,0,0
8362192,359,312,391,0,0
8363128,345,300,399,0,0
8364060,344,312,399,0,0
8364996,335,312,399,0,0
8365932,343,312,395,0,0
8366868,351,306,393,0,0
8367800,340,312,392,0,0
8368736,339,313,387,0,0
8369672,352,300,391,0,0
8370608,348,312,395,0,0
8371540,352,316,384,0,0
8372476,363,319,396,0,0
8373412,349,312,385,0,0
8374348,344,312,387,0,0
8375280,352,312,403,0,0
8376216,335,309,399,0,0
8377152,332,306,387,0,0
8378088,339,306,393,0,0
8379020,348,313,400,0,0
8379956,352,316,391,0,0
8380892,335,308,403,0,0
8381828,344,312,382,0,0
8382760,346,309,398,0,0
8383696,346,313,402,0,0
8384632,340,311,402,0,0
8385568,334,299,391,0,0
8386500,344,311,399,0,0
8387436,353,322,397,0,0
8388372,352,310,399,0,0
8389308,350,313,390,0,0
8390240,359,325,408,0,0
8392112,347,302,403,0,0
8393048,329,294,393,0,0
8393980,325,317,384,0,0
8394916,335,303,403,0,0
8395852,358,323,399,0,0
8396788,353,315,384,0,0
8397720,352,302,387,0,0
8398656,344,323,396,0,0
8399592,334,313,390,0,0
8400528,310,302,388,0,0
8401460,289,292,393,0,0
8402396,317,305,390,0,0
8403332,350,312,408,0,0
8404268,363,318,391,0,0
8405200,357,309,387,0,0
8406136,334,312,378,0,0
8407072,316,305,404,0,0
8408008,313,306,391,0,0
8408940,328,305,388,0,0
8409876,351,319,393,0,0
8410812,358,306,397,0,0
8411748,366,323,403,0,0
8412680,343,316,390,0,0
8413616,320,299,371,0,0
8414552,318,299,425,0,0
8415488,350,316,384,0,0
8416420,356,312,391,0,0
8417356,355,312,388,0,0
8418292,346,319,392,0,0
8419228,348,312,401,0,0
8420160,350,310,384,0,0
8421096,355,313,384,0,0
8422032,355,301,399,0,0
8422968,334,312,399,0,0
8423900,335,310,384,0,0
8424836,339,307,404,0,0
8425772,352,316,409,0,0
8426708,350,316,391,0,0
8427640,369,315,398,0,0
8428576,376,319,384,0,0
8429512,339,316,394,0,0
8430448,324,305,391,0,0
8431380,327,304,399,0,0
8432316,326,295,387,0,0
8433252,348,319,401,0,0
8434188,363,323,388,0,0
8435120,360,319,400,0,0
8436056,348,312,391,0,0
8436992,327,307,391,0,0
8437928,310,308,385,0,0
8438860,326,311,403,0,0
8439796,339,307,396,0,0
8440732,347,307,391,0,0
8441668,369,319,400,0,0
8442600,359,316,403,0,0
8443536,350,323,380,0,0
8444472,347,297,402,0,0
8445408,339,308,403,0,0
8446340,334,305,412,0,0
8447276,327,319,391,0,0
8448212,323,312,384,0,0
8449148,324,309,390,0,0
8450080,331,296,393,0,0
8451016,348,309,396,0,0
8451952,351,316,400,0,0
8452888,359,317,388,0,0
8453820,347,319,396,0,0
8454756,325,321,395,0,0
8455692,313,309,398,0,0
8456628,326,292,396,0,0
8457560,365,312,395,0,0
8458496,359,324,388,0,0
8459432,347,323,398,0,0
8460368,341,322,396,0,0
8461300,348,318,393,0,0
8462236,342,299,398,0,0
8463172,363,317,383,0,0
8464108,376,323,387,0,0
8465040,366,318,408,0,0
8465976,352,315,397,0,0
8466912,352,303,384,0,0
8467848,347,295,400,0,0
8468780,344,335,381,0,0
8469716,327,313,393,0,0
8470652,316,312,397,0,0
8471588,318,308,408,0,0
8472520,332,317,396,0,0
8473456,332,312,409,0,0
8474392,334,302,406,0,0
8475328,338,329,377,0,0
8476260,327,303,396,0,0
8477196,319,305,391,0,0
8478132,328,308,391,0,0
8479068,348,304,400,0,0
8480000,341,315,399,0,0
8480936,319,305,391,0,0
8481872,323,305,393,0,0
8482808,327,312,399,0,0
8483740,336,311,399,0,0
8484676,334,311,403,0,0
8485612,333,311,395,0,0
8486548,323,307,393,0,0
8487480,326,315,393,0,0
8488416,326,308,404,0,0
8489352,322,304,391,0,0
8490288,322,312,397,0,0
8491220,324,305,391,0,0
8492156,335,309,395,0,0
8493092,344,308,391,0,0
8494028,359,318,399,0,0
8494960,358,319,382,0,0
8495896,372,319,382,0,0
8496832,376,316,398,0,0
8497768,349,305,388,0,0
8498700,333,310,391,0,0
8499636,326,315,397,0,0
8500572,329,307,403,0,0
8501508,335,307,386,0,0
8502440,355,318,391,0,0
8503376,369,321,392,0,0
8504312,359,324,401,0,0
8505248,339,332,412,0,0
8506180,342,307,393,0,0
8507116,337,309,391,0,0
8508052,327,308,391,0,0
8508988,335,315,388,0,0
8509920,343,304,376,0,0
8510856,347,316,393,0,0
8511792,345,315,398,0,0
8512728,355,316,391,0,0
8513660,355,307,388,0,0
8514596,332,300,391,0,0
8515532,326,315,399,0,0
8516468,337,315,385,0,0
8517400,344,312,399,0,0
8518336,335,312,401,0,0
8519272,333,311,399,0,0
8520208,339,312,391,0,0
8521140,353,311,380,0,0
8522076,350,312,396,0,0
8523012,331,307,387,0,0
8523948,331,307,393,0,0
8524880,328,307,406,0,0
8525816,327,309,401,0,0
8526752,324,310,397,0,0
8527688,341,312,384,0,0
8528620,351,319,406,0,0
8529556,358,319,396,0,0
8530492,352,313,393,0,0
8531428,347,316,396,0,0
8532360,336,319,395,0,0
8533296,326,299,380,0,0
8534232,328,312,384,0,0
8535168,331,319,417,0,0
8536100,339,310,398,0,0
8537036,343,311,396,0,0
8537972,359,319,387,0,0
8538908,371,319,395,0,0
8539840,372,326,392,0,0
8540776,367,322,384,0,0
8541712,353,312,404,0,0
8542648,332,312,391,0,0
8543580,327,300,408,0,0
8544516,319,297,387,0,0
8545452,348,319,399,0,0
8546388,358,316,396,0,0
8547320,346,323,385,0,0
8548256,340,312,380,0,0
8549192,327,299,391,0,0
8550128,336,313,384,0,0
8551060,342,310,403,0,0
8551996,334,310,391,0,0
8552932,329,311,391,0,0
8553868,335,300,391,0,0
8554800,322,298,412,0,0
8555736,327,300,396,0,0
8556672,342,316,395,0,0
8557608,361,319,392,0,0
8558540,348,310,393,0,0
8559476,344,312,380,0,0
8560412,352,301,390,0,0
8561348,350,315,397,0,0
8562280,359,313,386,0,0
8563216,345,316,408,0,0
8564152,342,323,393,0,0
8565088,341,321,385,0,0
8566020,336,305,390,0,0
8566956,325,306,399,0,0
8567892,323,311,390,0,0
8568828,319,302,390,0,0
8569760,336,312,393,0,0
8570696,359,317,393,0,0
8571632,353,304,387,0,0
8572568,352,317,390,0,0
8573500,363,316,368,0,0
8574436,335,295,377,0,0
8575372,323,307,390,0,0
8576308,332,311,391,0,0
8577240,329,313,401,0,0
8578176,330,321,385,0,0
8579112,339,305,380,0,0
8580048,348,310,390,0,0
8580980,325,310,408,0,0
8581916,326,312,398,0,0
8582852,343,302,399,0,0
8583788,363,323,379,0,0
8584720,363,310,391,0,0
8585656,335,310,412,0,0
8586592,317,313,387,0,0
8587528,320,304,396,0,0
8588460,319,304,391,0,0
8589396,319,313,384,0,0
8590332,338,308,399,0,0
8591268,358,319,384,0,0
8592200,363,313,396,0,0
8593136,348,313,408,0,0
8594072,345,312,391,0,0
8595008,327,312,399,0,0
8595940,319,311,384,0,0
8596876,326,307,400,0,0
8597812,332,316,391,0,0
8598748,339,312,399,0,0
8599680,348,307,396,0,0
8600616,344,312,391,0,0
8601552,351,318,399,0,0
8602488,345,313,388,0,0
8603420,344,310,404,0,0
8604356,346,319,387,0,0
8605292,352,301,375,0,0
8606228,343,314,400,0,0
8607160,347,316,392,0,0
8608096,344,310,404,0,0
8609032,338,312,396,0,0
8609968,339,318,387,0,0
8610900,352,313,387,0,0
8611836,337,304,393,0,0
8612772,326,304,388,0,0
8613708,327,306,410,0,0
8614640,339,316,380,0,0
8615576,345,312,391,0,0
8616512,339,312,399,0,0
8617448,333,324,388,0,0
8618380,345,316,384,0,0
8619316,345,307,394,0,0
8620252,340,312,399,0,0
8621188,329,304,391,0,0
8622120,330,309,403,0,0
8623056,343,323,395,0,0
8623992,344,314,395,0,0
8624928,343,308,380,0,0
8625860,338,311,391,0,0
8626796,332,308,407,0,0
8627732,328,310,395,0,0
8628668,337,316,387,0,0
8629600,344,305,390,0,0
8630536,341,310,399,0,0
8631472,333,310,391,0,0
8632408,348,311,385,0,0
8633340,350,319,399,0,0
8634276,346,311,387,0,0
8635212,337,308,393,0,0
8636148,348,318,391,0,0
8637080,352,311,399,0,0
8638016,339,307,402,0,0
8638952,347,319,399,0,0
8639888,344,312,396,0,0
8640820,344,312,401,0,0
8641756,347,307,386,0,0
8642692,345,312,403,0,0
8643628,345,313,393,0,0
8644560,343,312,399,0,0
8645496,352,312,371,0,0
8646432,344,318,401,0,0
8647368,351,308,387,0,0
8648300,348,312,401,0,0
8649236,354,319,388,0,0
8650172,359,316,384,0,0
8651108,344,306,385,0,0
8652040,332,307,395,0,0
8652976,339,307,391,0,0
8653912,345,302,395,0,0
8654848,326,302,391,0,0
8655780,336,312,391,0,0
8656716,333,304,399,0,0
8657652,327,312,386,0,0
8658588,335,318,399,0,0
8659520,348,308,388,0,0
8660456,364,327,401,0,0
8661392,353,318,395,0,0
8662328,330,308,397,0,0
8663260,339,316,399,0,0
8664196,347,311,399,0,0
8665132,340,310,391,0,0
8666068,345,310,398,0,0
8667000,353,315,403,0,0
8667936,366,308,390,0,0
8668872,369,316,395,0,0
8669808,359,321,379,0,0
8670740,348,309,391,0,0
8671676,326,305,406,0,0
8672612,316,304,399,0,0
8673548,326,304,413,0,0
8674480,345,317,390,0,0
8675416,355,321,391,0,0
8676356,356,319,376,0,0
8677288,355,318,390,0,0
8678220,353,311,387,0,0
8679156,351,307,396,0,0
8680092,359,311,391,0,0
8681028,353,316,398,0,0
8681960,352,316,388,0,0
8682896,331,311,395,0,0
8683832,315,311,403,0,0
8684768,319,302,403,0,0
8685700,340,312,399,0,0
8686636,359,319,398,0,0
8687572,354,311,397,0,0
8688508,336,319,387,0,0
8689440,316,305,386,0,0
8690376,323,305,384,0,0
8691312,334,307,399,0,0
8692248,344,316,396,0,0
8693180,349,323,391,0,0
8694116,355,313,398,0,0
8695052,332,299,379,0,0
8695988,329,307,387,0,0
8696920,315,310,394,0,0
8697864,321,311,396,0,0
8698792,326,305,400,0,0
8699728,332,319,399,0,0
8700660,335,315,390,0,0
8701596,340,309,396,0,0
8702532,342,312,399,0,0
8703468,344,312,383,0,0
8704400,344,304,392,0,0
8705336,323,289,403,0,0
8706272,324,307,391,0,0
8707208,333,313,390,0,0
8708140,338,313,389,0,0
8709076,335,310,391,0,0
8710012,330,308,402,0,0
8710948,332,312,396,0,0
8711880,339,313,396,0,0
8712816,340,312,395,0,0
8713752,344,300,384,0,0
8714688,345,310,412,0,0
8715620,361,315,384,0,0
8716556,364,312,388,0,0
8717492,352,312,387,0,0
8718428,329,307,403,0,0
8719368,327,308,384,0,0
8720296,331,304,403,0,0
8721232,332,316,399,0,0
8722168,323,308,391,0,0
8723100,335,316,396,0,0
8724036,345,315,403,0,0
8724972,342,316,399,0,0
8725908,343,312,384,0,0
8726840,340,313,401,0,0
8727776,332,310,401,0,0
8728712,332,310,388,0,0
8729648,333,309,391,0,0
8730580,334,312,395,0,0
8731516,347,312,395,0,0
8732452,352,315,403,0,0
8733388,344,309,388,0,0
8734320,348,312,391,0,0
8735256,342,312,403,0,0
8736192,342,315,396,0,0
8737128,332,308,401,0,0
8738060,342,308,385,0,0
8738996,339,313,395,0,0
8739932,335,312,395,0,0
8740872,336,310,387,0,0
8741800,332,308,397,0,0
8742736,336,317,391,0,0
8743672,335,313,395,0,0
8744608,339,304,399,0,0
8745540,348,320,394,0,0
8746476,342,310,387,0,0
8747412,340,312,396,0,0
8748348,348,316,395,0,0
8749280,344,310,387,0,0
8750216,344,310,387,0,0
8751152,344,307,389,0,0
8752088,344,309,385,0,0
8753020,341,312,397,0,0
8753956,345,310,378,0,0
8754892,343,312,399,0,0
8755828,334,304,391,0,0
8756760,337,305,388,0,0
8757696,338,313,399,0,0
8758632,345,316,384,0,0
8759568,348,319,401,0,0
8760500,344,308,396,0,0
8761436,344,310,391,0,0
8762376,335,310,393,0,0
8763308,339,312,397,0,0
8764240,339,308,391,0,0
8765176,342,312,391,0,0
8766112,347,313,393,0,0
8767048,352,308,396,0,0
8767980,353,310,398,0,0
8768916,355,316,393,0,0
8769852,352,319,395,0,0
8770788,351,314,391,0,0
8771720,335,315,390,0,0
8772656,332,307,387,0,0
8773592,335,297,372,0,0
8774528,338,312,406,0,0
8775460,345,308,393,0,0
8776396,344,312,391,0,0
8777332,344,313,396,0,0
8778268,337,311,387,0,0
8779200,335,314,398,0,0
8780136,344,307,391,0,0
8781072,347,318,391,0,0
8782008,340,313,395,0,0
8782940,341,312,396,0,0
8783884,335,312,415,0,0
8784812,339,312,403,0,0
8785748,358,307,379,0,0
8786680,344,316,396,0,0
8787616,345,315,384,0,0
8788552,335,308,403,0,0
8789488,335,311,398,0,0
8790420,342,312,395,0,0
8791356,352,312,391,0,0
8792292,353,317,391,0,0
8793228,344,313,396,0,0
8794160,353,307,391,0,0
8795096,335,301,371,0,0
8796032,339,312,391,0,0
8796968,340,314,396,0,0
8797900,352,321,380,0,0
8798836,355,316,390,0,0
8799772,339,313,400,0,0
8800708,323,305,385,0,0
8801640,337,316,397,0,0
8802576,352,319,398,0,0
8803512,344,312,401,0,0
8804448,339,305,404,0,0
8805388,342,308,391,0,0
8806316,347,316,404,0,0
8807252,344,310,401,0,0
8808188,352,317,400,0,0
8809120,343,314,396,0,0
8810056,343,318,394,0,0
8810992,340,312,387,0,0
8811928,339,305,391,0,0
8812860,340,307,388,0,0
8813796,335,310,382,0,0
8814732,333,310,395,0,0
8815668,335,316,390,0,0
8816600,337,318,398,0,0
8817536,336,311,396,0,0
8818472,342,314,384,0,0
8819408,339,307,396,0,0
8820340,331,307,399,0,0
8821276,332,313,391,0,0
8822212,344,315,398,0,0
8823148,350,315,407,0,0
8824080,334,308,414,0,0
8825016,355,319,384,0,0
8825952,348,312,391,0,0
8826892,345,323,398,0,0
8827820,342,308,408,0,0
8828756,342,315,386,0,0
8829692,343,317,379,0,0
8830628,344,312,400,0,0
8831560,335,307,395,0,0
8832496,324,308,398,0,0
8833432,333,305,391,0,0
8834368,335,310,385,0,0
8835300,345,310,395,0,0
8836236,339,313,399,0,0
8837172,340,312,391,0,0
8838108,337,307,395,0,0
8839040,336,309,390,0,0
8839976,334,300,391,0,0
8840912,327,310,394,0,0
8841848,339,309,398,0,0
8842780,345,310,391,0,0
8843716,346,308,390,0,0
8844652,359,332,408,0,0
8845588,344,302,391,0,0
8846520,335,313,399,0,0
8847456,343,307,396,0,0
8848396,344,316,385,0,0
8849328,339,310,399,0,0
8850260,340,315,396,0,0
8851196,345,313,391,0,0
8852132,358,313,387,0,0
8853068,352,315,400,0,0
8854000,345,308,401,0,0
8854936,323,299,393,0,0
8855872,340,312,411,0,0
8856808,323,310,391,0,0
8857740,331,315,388,0,0
8858676,339,316,393,0,0
8859612,344,315,386,0,0
8860548,343,305,387,0,0
8861480,337,307,398,0,0
8862416,341,312,391,0,0
8863352,340,308,401,0,0
8864288,344,304,364,0,0
8865220,335,295,396,0,0
8866156,343,317,388,0,0
8867092,335,307,391,0,0
8868028,335,312,406,0,0
8868960,340,312,391,0,0
8869904,348,305,390,0,0
8870832,344,313,393,0,0
8871768,339,307,391,0,0
8872700,344,317,395,0,0
8873636,350,308,396,0,0
8874572,349,312,404,0,0
8875508,344,319,388,0,0
8876440,339,312,398,0,0
8877376,343,318,400,0,0
8878312,347,307,393,0,0
8879248,334,311,399,0,0
8880180,321,312,398,0,0
8881116,319,304,396,0,0
8882052,327,306,391,0,0
8882988,332,319,394,0,0
8883920,331,310,385,0,0
8884856,338,311,399,0,0
8885792,343,319,389,0,0
8886728,344,313,395,0,0
8887660,345,319,399,0,0
8888596,342,305,397,0,0
8889532,332,312,396,0,0
8890468,332,312,401,0,0
8891408,339,312,388,0,0
8892336,343,307,396,0,0
8893272,339,312,382,0,0
8894208,347,312,412,0,0
8895140,334,312,418,0,0
8896076,341,316,388,0,0
8897012,339,312,398,0,0
8897948,339,307,390,0,0
8898880,339,308,392,0,0
8899816,343,312,391,0,0
8900752,344,310,391,0,0
8901688,344,305,390,0,0
8902620,334,307,399,0,0
8903556,335,316,398,0,0
8904492,329,304,391,0,0
8905428,342,311,382,0,0
8906360,345,316,399,0,0
8907296,345,310,396,0,0
8908232,339,311,391,0,0
8909168,339,311,398,0,0
8910100,344,312,391,0,0
8911036,340,305,391,0,0
8911972,344,315,399,0,0
8912912,344,313,399,0,0
8913840,332,304,391,0,0
8914776,342,319,397,0,0
8915712,353,318,399,0,0
8916648,353,307,396,0,0
8917580,344,315,402,0,0
8918516,339,316,393,0,0
8919452,344,312,406,0,0
8920388,350,318,396,0,0
8921320,351,313,387,0,0
8922256,344,312,403,0,0
8923192,340,318,392,0,0
8924128,334,307,393,0,0
8925060,334,312,405,0,0
8925996,344,311,388,0,0
8926932,344,312,400,0,0
8927868,331,315,403,0,0
8928800,333,312,388,0,0
8929736,342,310,384,0,0
8930672,345,313,399,0,0
8931608,353,316,396,0,0
8932540,355,319,399,0,0
8933476,339,304,396,0,0
8934416,332,314,391,0,0
8935348,337,313,388,0,0
8936280,347,311,391,0,0
8937216,352,316,390,0,0
8938152,343,311,399,0,0
8939088,339,316,388,0,0
8940020,332,307,395,0,0
8940956,338,307,399,0,0
8941892,334,312,390,0,0
8942828,347,311,395,0,0
8943760,348,315,406,0,0
8944696,352,329,391,0,0
8945632,347,326,412,0,0
8946568,344,312,386,0,0
8947500,340,310,399,0,0
8948436,335,304,395,0,0
8949372,333,307,386,0,0
8950308,335,311,393,0,0
8951240,337,307,393,0,0
8952176,332,313,403,0,0
8953112,332,308,384,0,0
8954048,340,317,377,0,0
8954980,325,300,401,0,0
8955924,339,307,393,0,0
8956852,339,309,397,0,0
8957788,342,312,388,0,0
8958720,344,310,388,0,0
8959656,340,308,384,0,0
8960592,332,301,382,0,0
8961528,341,319,410,0,0
8962460,337,309,389,0,0
8963396,339,307,391,0,0
8964332,344,312,404,0,0
8965268,335,304,393,0,0
8966200,335,310,390,0,0
8967136,339,313,385,0,0
8968072,340,308,384,0,0
8969008,343,307,392,0,0
8969940,339,308,396,0,0
8970876,344,315,387,0,0
8971812,348,312,405,0,0
8972748,341,315,398,0,0
8973680,328,304,384,0,0
8974616,333,306,396,0,0
8975552,331,305,391,0,0
8976488,341,312,396,0,0
8977428,335,311,402,0,0
8978356,343,316,384,0,0
8979292,345,315,387,0,0
8980228,344,310,398,0,0
8982096,340,305,390,0,0
8983032,348,316,408,0,0
8983968,337,315,403,0,0
8984900,350,312,403,0,0
8985836,343,308,383,0,0
8986772,344,313,395,0,0
8987708,339,310,397,0,0
8988640,344,310,384,0,0
8989576,341,311,401,0,0
8990512,339,313,393,0,0
8991448,334,307,388,0,0
8992380,339,305,385,0,0
8993316,346,307,390,0,0
8994252,340,310,382,0,0
8995188,339,317,419,0,0
8996120,344,311,391,0,0
8997056,350,307,398,0,0
8997992,342,311,390,0,0
8998932,332,313,401,0,0
8999860,338,318,395,0,0
9000796,347,315,403,0,0
9001732,344,311,386,0,0
9002668,347,316,395,0,0
9003600,346,311,396,0,0
9004536,340,309,398,0,0
9005472,352,303,363,0,0
9006408,345,307,390,0,0
9007340,339,308,396,0,0
9008276,345,315,396,0,0
9009212,345,310,397,0,0
9010148,348,316,386,0,0
9011080,348,311,385,0,0
9012016,339,310,396,0,0
9012952,338,307,381,0,0
9013888,346,302,395,0,0
9014820,340,289,379,0,0
9015756,345,324,393,0,0
9016692,338,311,384,0,0
9017628,351,310,389,0,0
9018560,358,315,386,0,0
9019496,358,321,391,0,0
9020436,359,311,391,0,0
9021368,352,318,397,0,0
9022300,327,300,399,0,0
9023236,334,304,391,0,0
9024172,340,312,409,0,0
9025108,339,316,404,0,0
9026040,355,310,384,0,0
9026976,359,316,401,0,0
9027912,340,302,385,0,0
9028848,335,307,393,0,0
9029780,340,307,391,0,0
9030716,342,305,396,0,0
9031652,327,312,402,0,0
9032588,324,303,389,0,0
9033520,345,304,386,0,0
9034456,352,308,393,0,0
9035392,363,323,399,0,0
9036328,351,317,393,0,0
9037260,355,323,407,0,0
9038196,335,304,387,0,0
9039132,343,311,391,0,0
9040068,361,319,393,0,0
9041000,366,324,406,0,0
9041940,345,311,391,0,0
9042872,341,313,406,0,0
9043808,332,321,422,0,0
9044740,356,335,403,0,0
9045676,367,313,368,0,0
9047548,332,310,383,0,0
9048480,334,310,395,0,0
9049416,331,307,401,0,0
9050352,323,306,406,0,0
9051288,321,308,391,0,0
9052220,332,311,387,0,0
9053156,332,315,395,0,0
9054092,335,313,409,0,0
9055028,360,331,387,0,0
9055960,345,303,391,0,0
9056896,344,321,391,0,0
9057832,338,307,388,0,0
9058768,332,302,397,0,0
9059700,333,307,404,0,0
9060636,349,318,391,0,0
9061572,364,322,408,0,0
9062508,365,319,385,0,0
9063444,348,319,404,0,0
9064376,337,304,384,0,0
9065312,353,310,379,0,0
9066248,335,316,395,0,0
9067180,311,311,395,0,0
9068116,313,305,388,0,0
9069052,319,296,390,0,0
9069988,333,313,391,0,0
9070920,344,307,399,0,0
9071856,348,319,401,0,0
9072792,344,315,382,0,0
9073728,350,321,387,0,0
9074660,337,315,398,0,0
9075596,337,315,391,0,0
9076532,352,310,391,0,0
9077468,348,312,391,0,0
9078400,353,306,387,0,0
9079336,348,312,401,0,0
9080272,350,315,387,0,0
9081208,347,313,396,0,0
9082140,344,312,396,0,0
9083076,344,316,398,0,0
9084012,335,313,396,0,0
9084948,335,313,393,0,0
9085880,344,307,369,0,0
9086816,342,307,390,0,0
9087752,344,313,387,0,0
9088688,354,312,387,0,0
9089620,358,312,391,0,0
9090556,355,308,395,0,0
9091492,344,313,384,0,0
9092428,355,312,387,0,0
9093360,344,306,412,0,0
9094296,332,308,399,0,0
9095232,339,329,406,0,0
9096168,345,312,402,0,0
9097100,352,316,387,0,0
9098036,339,311,395,0,0
9098972,342,305,388,0,0
9099908,333,303,391,0,0
9100840,341,311,390,0,0
9101776,339,312,395,0,0
9102712,339,311,391,0,0
9103648,333,307,391,0,0
9104580,326,316,391,0,0
9105516,339,305,368,0,0
9106452,333,309,403,0,0
9107388,342,310,390,0,0
9108320,342,302,396,0,0
9109256,348,315,393,0,0
9110192,348,310,397,0,0
9111128,348,312,399,0,0
9112060,352,312,390,0,0
9112996,355,312,386,0,0
9113932,365,323,403,0,0
9114868,348,297,405,0,0
9115800,334,297,396,0,0
9116736,348,307,393,0,0
9117672,339,307,396,0,0
9118608,335,316,388,0,0
9119540,333,306,401,0,0
9120476,331,304,391,0,0
9121412,339,313,388,0,0
9122348,347,313,398,0,0
9123280,349,308,380,0,0
9124216,347,310,386,0,0
9125152,350,313,384,0,0
9126088,347,304,399,0,0
9127020,340,307,398,0,0
9127956,353,319,402,0,0
9128892,352,315,394,0,0
9129828,349,315,399,0,0
9130760,345,318,396,0,0
9131696,321,299,396,0,0
9132632,329,312,396,0,0
9133568,343,300,391,0,0
9134500,351,303,385,0,0
9135436,349,319,389,0,0
9136372,356,307,396,0,0
9137308,347,319,390,0,0
9138240,335,304,399,0,0
9139176,319,302,385,0,0
9140112,326,304,399,0,0
9141048,352,316,391,0,0
9141980,355,312,387,0,0
9142916,352,316,399,0,0
9143852,366,312,387,0,0
9144788,334,299,409,0,0
9145720,327,301,396,0,0
9146656,339,312,396,0,0
9147592,349,318,393,0,0
9148528,348,307,407,0,0
9149460,344,319,399,0,0
9150396,348,309,383,0,0
9151332,354,309,398,0,0
9152268,355,310,403,0,0
9153200,361,312,384,0,0
9154136,361,302,388,0,0
9155072,329,305,385,0,0
9156008,303,288,412,0,0
9156940,327,312,385,0,0
9157876,348,304,390,0,0
9158812,344,303,400,0,0
9159748,344,308,403,0,0
9160680,336,305,387,0,0
9161616,358,321,382,0,0
9162552,358,316,386,0,0
9163488,337,300,399,0,0
9164420,335,315,393,0,0
9165356,329,304,387,0,0
9166292,316,307,397,0,0
9167228,311,313,390,0,0
9168160,324,312,399,0,0
9169096,337,305,399,0,0
9170032,340,314,381,0,0
9170968,343,313,388,0,0
9171900,334,308,408,0,0
9172836,347,326,387,0,0
9173772,337,299,377,0,0
9174708,327,307,398,0,0
9175640,316,302,381,0,0
9176576,323,305,400,0,0
9177512,318,307,396,0,0
9178448,336,305,391,0,0
9179380,353,316,402,0,0
9180316,356,316,385,0,0
9181252,348,316,399,0,0
9182188,342,308,391,0,0
9183120,329,311,391,0,0
9184056,334,311,391,0,0
9184992,342,317,396,0,0
9185928,333,311,408,0,0
9186860,339,305,385,0,0
9187796,352,312,391,0,0
9188732,364,316,391,0,0
9189668,359,304,399,0,0
9190600,357,313,391,0,0
9191536,361,313,389,0,0
9192472,364,315,401,0,0
9193408,360,309,380,0,0
9194340,354,315,380,0,0
9195276,342,323,415,0,0
9196212,334,302,391,0,0
9197148,329,301,391,0,0
9198080,337,310,371,0,0
9199016,344,315,396,0,0
9199952,342,313,405,0,0
9200888,344,315,390,0,0
9201820,329,312,403,0,0
9202756,321,305,390,0,0
9203692,308,294,380,0,0
9204628,343,319,401,0,0
9205560,326,297,393,0,0
9206496,348,319,384,0,0
9207432,350,313,387,0,0
9208368,339,312,391,0,0
9209300,344,318,402,0,0
9210236,345,305,380,0,0
9211172,344,297,391,0,0
9212108,345,308,389,0,0
9213040,341,307,384,0,0
9213976,359,307,391,0,0
9214912,352,318,398,0,0
9215848,339,309,384,0,0
9216780,339,302,390,0,0
9217716,340,304,393,0,0
9218652,340,305,398,0,0
9219588,347,319,398,0,0
9220520,356,322,391,0,0
9221456,347,312,396,0,0
9222392,352,319,407,0,0
9223328,339,305,387,0,0
9224260,344,309,384,0,0
9225196,339,300,387,0,0
9226132,335,308,387,0,0
9227068,335,319,395,0,0
9228000,334,302,407,0,0
9228936,348,307,399,0,0
9229872,349,312,398,0,0
9230808,355,319,396,0,0
9231740,358,319,396,0,0
9232676,363,318,391,0,0
9233612,348,312,401,0,0
9234548,345,318,391,0,0
9235480,344,306,380,0,0
9236416,339,310,398,0,0
9237352,344,322,392,0,0
9238288,342,310,390,0,0
9239220,339,307,395,0,0
9240156,349,316,384,0,0
9241092,352,308,389,0,0
9242028,335,316,393,0,0
9242960,327,302,383,0,0
9243896,308,300,391,0,0
9244832,313,304,401,0,0
9245768,295,295,415,0,0
9246700,327,319,389,0,0
9247636,348,311,390,0,0
9248572,344,316,386,0,0
9249508,332,310,399,0,0
9250440,322,302,395,0,0
9251376,324,314,396,0,0
9252312,317,300,387,0,0
9253248,329,306,385,0,0
9254180,351,312,384,0,0
9255116,365,308,370,0,0
9256052,349,324,391,0,0
9256988,338,313,387,0,0
9257920,353,312,391,0,0
9258856,348,308,399,0,0
9259792,337,305,394,0,0
9260728,332,310,391,0,0
9261660,350,311,383,0,0
9262596,359,316,390,0,0
9263532,366,322,390,0,0
9264468,359,323,382,0,0
9265400,335,302,387,0,0
9266336,333,307,391,0,0
9267272,344,311,385,0,0
9268208,332,308,399,0,0
9269140,326,304,395,0,0
9270076,339,314,391,0,0
9271012,361,313,398,0,0
9271948,367,323,409,0,0
9272880,352,315,393,0,0
9273816,344,309,406,0,0
9274752,340,312,406,0,0
9275688,364,323,392,0,0
9276620,364,309,407,0,0
9277556,361,323,384,0,0
9278492,364,318,390,0,0
9279428,339,300,408,0,0
9280360,331,315,387,0,0
9281296,319,310,396,0,0
9282232,312,305,399,0,0
9283168,329,304,376,0,0
9284100,344,315,387,0,0
9285036,348,313,384,0,0
9285972,339,313,401,0,0
9286908,335,304,404,0,0
9287840,331,311,390,0,0
9288776,334,307,384,0,0
9289712,330,302,379,0,0
9290648,345,319,399,0,0
9291580,339,302,385,0,0
9292516,336,302,398,0,0
9293452,335,307,369,0,0
9294388,360,327,391,0,0
9295320,335,302,385,0,0
9296256,341,311,393,0,0
9297192,342,310,396,0,0
9298128,340,311,395,0,0
9299060,347,313,398,0,0
9299996,339,315,391,0,0
9300932,353,317,390,0,0
9301868,359,312,384,0,0
9302800,340,312,394,0,0
9303736,335,308,390,0,0
9304672,344,319,409,0,0
9305608,319,304,391,0,0
9306540,339,312,391,0,0
9307476,344,312,391,0,0
9308412,344,312,398,0,0
9309348,342,310,383,0,0
9310280,348,312,384,0,0
9311216,355,316,396,0,0
9312152,345,306,388,0,0
9313088,339,318,393,0,0
9314020,332,300,388,0,0
9314956,333,305,375,0,0
9315892,330,303,384,0,0
9316828,344,312,396,0,0
9317760,351,307,391,0,0
9318696,348,319,396,0,0
9319632,348,313,400,0,0
9320568,343,307,390,0,0
9321500,348,321,401,0,0
9322436,345,313,397,0,0
9323372,344,321,391,0,0
9324308,334,313,382,0,0
9325240,335,304,399,0,0
9326176,343,303,386,0,0
9327112,359,316,393,0,0
9328048,359,319,387,0,0
9328980,337,308,399,0,0
9329916,331,314,389,0,0
9330852,331,313,407,0,0
9331788,324,294,377,0,0
9332720,333,306,390,0,0
9333656,339,311,397,0,0
9334592,361,314,396,0,0
9335528,380,312,387,0,0
9336460,357,312,393,0,0
9337396,334,312,393,0,0
9338332,326,307,399,0,0
9339268,331,304,402,0,0
9340200,335,311,390,0,0
9341136,347,312,390,0,0
9342072,361,312,384,0,0
9343008,359,315,400,0,0
9343940,319,304,396,0,0
9344876,319,303,390,0,0
9345812,329,315,403,0,0
9346748,348,317,399,0,0
9347680,343,310,401,0,0
9348616,338,309,399,0,0
9349552,335,297,380,0,0
9350488,348,316,393,0,0
9351420,347,318,391,0,0
9352356,335,310,391,0,0
9353292,319,305,391,0,0
9354228,316,312,384,0,0
9355160,335,299,371,0,0
9356096,332,300,401,0,0
9357032,350,319,393,0,0
9357968,354,310,387,0,0
9358900,346,312,393,0,0
9359836,342,306,386,0,0
9360772,324,302,383,0,0
9361708,331,299,384,0,0
9362640,329,304,396,0,0
9363576,336,313,384,0,0
9364512,332,307,401,0,0
9365448,323,304,408,0,0
9366380,335,305,384,0,0
9367316,352,319,381,0,0
9368252,345,313,393,0,0
9369188,344,310,396,0,0
9370120,337,308,393,0,0
9371056,340,311,400,0,0
9371992,356,316,398,0,0
9372928,361,316,390,0,0
9373860,352,304,399,0,0
9374796,347,319,389,0,0
9375732,343,310,390,0,0
9376668,337,312,391,0,0
9377600,342,310,384,0,0
9378536,335,304,391,0,0
9379472,332,308,387,0,0
9380408,337,310,391,0,0
9381340,348,308,387,0,0
9382276,342,305,384,0,0
9383212,338,317,388,0,0
9384148,338,306,380,0,0
9385080,348,312,399,0,0
9386016,353,311,385,0,0
9386952,353,304,390,0,0
9387888,337,310,396,0,0
9388820,340,313,387,0,0
9389756,344,311,391,0,0
9390692,345,312,387,0,0
9391628,345,309,387,0,0
9392560,354,316,396,0,0
9393496,363,316,397,0,0
9394432,352,312,403,0,0
9395368,339,312,403,0,0
9396300,329,312,400,0,0
9397236,331,310,388,0,0
9398172,345,321,401,0,0
9399108,358,319,400,0,0
9400040,353,308,398,0,0
9400976,346,310,396,0,0
9401912,339,316,384,0,0
9402848,334,305,387,0,0
9403780,337,300,397,0,0
9404716,335,302,384,0,0
9405652,335,323,409,0,0
9406588,344,316,391,0,0
9407520,356,308,395,0,0
9408456,358,319,396,0,0
9409392,350,315,401,0,0
9410328,339,312,386,0,0
9411260,333,307,386,0,0
9412196,332,312,387,0,0
9413132,332,303,386,0,0
9414068,348,310,387,0,0
9415000,344,307,387,0,0
9415936,342,309,391,0,0
9416872,340,306,396,0,0
9417808,335,310,391,0,0
9418740,335,315,395,0,0
9419676,332,312,395,0,0
9420612,332,308,391,0,0
9421548,331,308,401,0,0
9422480,327,307,393,0,0
9423416,335,308,390,0,0
9424352,339,307,403,0,0
9425288,340,313,390,0,0
9426220,327,304,396,0,0
9427156,332,307,388,0,0
9428092,328,310,403,0,0
9429028,331,304,393,0,0
9429960,329,310,398,0,0
9430896,347,305,393,0,0
9431832,348,315,397,0,0
9432768,342,306,391,0,0
9433700,339,306,396,0,0
9434636,331,312,385,0,0
9435572,327,308,393,0,0
9436508,327,312,390,0,0
9437440,332,316,389,0,0
9438376,334,307,400,0,0
9439312,334,308,387,0,0
9440248,330,313,391,0,0
9441180,334,312,399,0,0
9442116,332,312,403,0,0
9443052,332,312,395,0,0
9443988,339,307,387,0,0
9444920,340,300,403,0,0
9445856,326,312,411,0,0
9446792,339,306,391,0,0
9447728,327,299,379,0,0
9448660,335,313,396,0,0
9449596,335,310,391,0,0
9450532,334,307,391,0,0
9451468,329,302,387,0,0
9452400,331,305,390,0,0
9453336,339,311,391,0,0
9454272,350,307,361,0,0
9455208,323,311,416,0,0
9456140,352,326,401,0,0
9457076,337,313,391,0,0
9458012,338,307,391,0,0
9458948,333,312,391,0,0
9459880,335,307,395,0,0
9460816,344,316,408,0,0
9461752,335,312,390,0,0
9462688,338,312,398,0,0
9463620,339,304,393,0,0
9464556,331,302,384,0,0
9465492,343,308,397,0,0
9466428,343,312,382,0,0
9467360,337,310,391,0,0
9468296,335,312,391,0,0
9469232,335,305,386,0,0
9470168,340,307,384,0,0
9471100,340,307,393,0,0
9472036,339,315,399,0,0
9472972,332,310,391,0,0
9473908,339,312,386,0,0
9474840,344,318,399,0,0
9475776,343,305,391,0,0
9476712,339,308,384,0,0
9477648,340,307,387,0,0
9478580,335,312,403,0,0
9479516,336,310,391,0,0
9480452,340,312,384,0,0
9481388,340,310,395,0,0
9482320,337,305,390,0,0
9483256,337,307,391,0,0
9484192,332,305,390,0,0
9485128,339,312,403,0,0
9486060,335,308,405,0,0
9486996,340,312,393,0,0
9487932,337,314,391,0,0
9488868,335,307,391,0,0
9489800,335,310,399,0,0
9490736,339,313,401,0,0
9491672,340,314,396,0,0
9492608,342,312,391,0,0
9493540,339,313,405,0,0
9494476,347,323,387,0,0
9495412,335,316,408,0,0
9496348,344,305,391,0,0
9497280,343,312,391,0,0
9498216,343,311,395,0,0
9499152,339,312,387,0,0
9500088,341,307,387,0,0
9501020,342,307,387,0,0
9501956,345,312,390,0,0
9502892,339,307,396,0,0
9503828,338,311,399,0,0
9504760,333,315,407,0,0
9505696,335,295,387,0,0
9506632,339,308,391,0,0
9507568,336,316,398,0,0
9508500,337,312,403,0,0
9509436,339,312,399,0,0
9510372,335,303,382,0,0
9511308,339,310,393,0,0
9512240,342,317,388,0,0
9513176,340,310,384,0,0
9514112,344,313,401,0,0
9515048,338,316,391,0,0
9515980,339,319,384,0,0
9516916,337,314,401,0,0
9517852,337,312,402,0,0
9518788,342,310,385,0,0
9519720,344,313,398,0,0
9520656,342,312,391,0,0
9521592,339,310,399,0,0
9522528,342,312,398,0,0
9523460,343,316,386,0,0
9524396,337,300,400,0,0
9525332,343,311,403,0,0
9526268,335,306,390,0,0
9527200,335,312,387,0,0
9528136,340,310,388,0,0
9529072,345,316,404,0,0
9530008,343,314,396,0,0
9530940,344,307,388,0,0
9531876,337,303,380,0,0
9532812,344,313,401,0,0
9533748,339,316,401,0,0
9534680,348,319,406,0,0
9535616,342,306,391,0,0
9536552,342,310,395,0,0
9537488,337,312,400,0,0
9538420,335,313,399,0,0
9539356,344,316,398,0,0
9540292,340,312,399,0,0
9541228,344,307,385,0,0
9542160,350,317,403,0,0
9543096,339,311,396,0,0
9544032,343,307,386,0,0
9544968,348,319,407,0,0
9545900,348,307,393,0,0
9546836,343,312,405,0,0
9547772,340,316,390,0,0
9548708,335,309,398,0,0
9549640,342,316,393,0,0
9550576,339,311,387,0,0
9551512,345,313,392,0,0
9552448,344,312,398,0,0
9553380,342,315,399,0,0
9554316,335,297,373,0,0
9555252,349,317,401,0,0
9556188,334,302,387,0,0
9557120,339,311,399,0,0
9558056,339,318,403,0,0
9558992,339,313,390,0,0
9559928,339,310,390,0,0
9560860,344,312,391,0,0
9561796,339,314,399,0,0
9562732,336,306,383,0,0
9563668,344,309,396,0,0
9564600,348,327,412,0,0
9565536,339,300,380,0,0
9566472,343,314,396,0,0
9567408,345,313,385,0,0
9568340,340,313,403,0,0
9569276,345,310,388,0,0
9570212,342,316,387,0,0
9571148,347,312,397,0,0
9572080,340,308,391,0,0
9573016,340,312,397,0,0
9573952,351,319,388,0,0
9574888,347,303,408,0,0
9575820,358,324,380,0,0
9576756,347,316,402,0,0
9577692,342,311,403,0,0
9578628,348,313,391,0,0
9579560,343,312,399,0,0
9580496,339,313,399,0,0
9581432,341,316,401,0,0
9582368,342,315,391,0,0
9583300,338,312,396,0,0
9584236,338,313,391,0,0
9585172,340,308,385,0,0
9586108,351,311,399,0,0
9587040,344,319,402,0,0
9587976,348,312,390,0,0
9588912,347,313,403,0,0
9589848,347,316,395,0,0
9590780,346,318,391,0,0
9591716,347,316,401,0,0
9592652,344,311,387,0,0
9593588,344,316,401,0,0
9594520,359,327,399,0,0
9595456,354,309,397,0,0
9596392,334,307,419,0,0
9597328,348,316,391,0,0
9598260,345,312,406,0,0
9599196,348,317,399,0,0
9600132,340,318,399,0,0
9601068,344,312,397,0,0
9602000,344,315,396,0,0
9602936,348,313,399,0,0
9603872,348,319,402,0,0
9604808,345,311,395,0,0
9605740,352,311,399,0,0
9606676,350,313,388,0,0
9607612,347,312,393,0,0
9608548,342,316,397,0,0
9609480,348,316,399,0,0
9610416,344,311,388,0,0
9611352,351,316,385,0,0
9612288,345,319,402,0,0
9613220,342,315,399,0,0
9614156,344,325,404,0,0
9615092,350,316,391,0,0
9616028,350,319,391,0,0
9616960,349,312,391,0,0
9617896,352,319,399,0,0
9618832,353,316,396,0,0
9619768,348,319,399,0,0
9620700,344,323,406,0,0
9621636,348,315,388,0,0
9622572,340,312,388,0,0
9623508,342,314,398,0,0
9624440,342,329,412,0,0
9625376,352,325,405,0,0
9626312,344,313,387,0,0
9627248,348,323,396,0,0
9628180,348,320,407,0,0
9629116,350,312,392,0,0
9630052,355,322,404,0,0
9630988,352,319,390,0,0
9631920,343,312,398,0,0
9632856,350,315,391,0,0
9633796,352,318,396,0,0
9634728,352,316,396,0,0
9635660,344,318,403,0,0
9637532,348,322,396,0,0
9638468,344,316,398,0,0
9639400,349,315,387,0,0
9640336,352,319,384,0,0
9641272,353,324,398,0,0
9642208,350,324,399,0,0
9643140,348,316,399,0,0
9644076,345,319,403,0,0
9645012,354,326,411,0,0
9645948,352,315,399,0,0
9646880,353,323,396,0,0
9647816,347,316,396,0,0
9648752,349,316,395,0,0
9649688,351,312,393,0,0
9650620,352,317,397,0,0
9651556,350,319,386,0,0
9652492,348,323,390,0,0
9653428,348,319,398,0,0
9654360,347,323,388,0,0
9655304,348,323,379,0,0
9656232,348,334,395,0,0
9657168,352,319,399,0,0
9658100,348,318,398,0,0
9659036,351,321,395,0,0
9659972,352,315,391,0,0
9660908,352,313,391,0,0
9661840,352,324,403,0,0
9662776,352,322,408,0,0
9663712,351,319,399,0,0
9664648,343,312,387,0,0
9665580,352,323,382,0,0
9666516,344,319,398,0,0
9667452,352,319,387,0,0
9668388,348,319,389,0,0
9669320,349,318,403,0,0
9670256,345,318,398,0,0
9671192,353,316,385,0,0
9672128,352,319,391,0,0
9673060,344,315,387,0,0
9673996,350,319,396,0,0
9674932,351,318,403,0,0
9675868,343,316,387,0,0
9676808,344,323,405,0,0
9677736,350,319,391,0,0
9678672,352,322,396,0,0
9679608,350,316,396,0,0
9680540,348,315,396,0,0
9681476,352,319,404,0,0
9682412,352,323,397,0,0
9683348,352,319,396,0,0
9684280,349,312,391,0,0
9685216,352,316,407,0,0
9686152,348,319,396,0,0
9687088,353,321,386,0,0
9688020,352,315,396,0,0
9688956,342,311,383,0,0
9689892,353,323,401,0,0
9690828,342,312,391,0,0
9691760,348,313,385,0,0
9692696,349,319,393,0,0
9693632,345,312,386,0,0
9694568,344,323,420,0,0
9695500,355,326,409,0,0
9696436,347,308,391,0,0
9697372,348,316,390,0,0
9698312,348,316,390,0,0
9699240,350,316,396,0,0
9700176,352,323,392,0,0
9701112,354,315,395,0,0
9702980,348,321,399,0,0
9703916,351,321,403,0,0
9704852,359,336,385,0,0
9705788,359,332,388,0,0
9706720,351,319,387,0,0
9707656,352,316,387,0,0
9708592,344,318,399,0,0
9709528,350,315,398,0,0
9710460,348,319,399,0,0
9711396,343,312,384,0,0
9712332,350,319,400,0,0
9713268,344,313,387,0,0
9714200,348,319,384,0,0
9715136,348,323,397,0,0
9716072,352,315,389,0,0
9717008,348,323,403,0,0
9717940,344,319,403,0,0
9718876,352,320,399,0,0
9719816,352,323,402,0,0
9720748,350,313,396,0,0
9721680,351,313,399,0,0
9722616,349,313,391,0,0
9723552,352,319,403,0,0
9724488,349,319,398,0,0
9725420,345,316,396,0,0
9726356,347,316,387,0,0
9727292,352,321,396,0,0
9728228,345,313,399,0,0
9729160,345,315,396,0,0
9730096,352,316,390,0,0
9731032,347,318,391,0,0
9731968,350,319,395,0,0
9732900,347,319,388,0,0
9733836,344,316,388,0,0
9734772,348,316,402,0,0
9735708,350,315,399,0,0
9736640,348,312,393,0,0
9737576,348,312,395,0,0
9738512,352,319,391,0,0
9739448,350,316,388,0,0
9740380,349,319,399,0,0
9741324,350,318,398,0,0
9742252,345,312,395,0,0
9743188,347,312,393,0,0
9744120,344,313,387,0,0
9745056,344,315,412,0,0
9745992,352,313,406,0,0
9746928,347,319,403,0,0
9747860,353,318,393,0,0
9748796,345,319,401,0,0
9749732,347,319,403,0,0
9750668,350,321,398,0,0
9751600,352,319,401,0,0
9752536,348,315,396,0,0
9753472,350,317,393,0,0
9754408,343,326,423,0,0
9755340,353,313,398,0,0
9756276,342,322,409,0,0
9757212,345,316,399,0,0
9758148,352,318,395,0,0
9759080,352,313,386,0,0
9760016,352,316,388,0,0
9760952,347,315,391,0,0
9761888,343,311,385,0,0
9762828,351,313,395,0,0
9763756,347,313,398,0,0
9764692,348,319,396,0,0
9765628,350,316,391,0,0
9766560,352,316,399,0,0
9768432,353,316,391,0,0
9769368,353,319,393,0,0
9770300,348,313,392,0,0
9771236,348,321,406,0,0
9772172,351,319,403,0,0
9773108,352,319,401,0,0
9774040,345,318,399,0,0
9774976,340,303,406,0,0
9775912,344,316,396,0,0
9776848,352,319,396,0,0
9777780,350,317,396,0,0
9778716,348,319,396,0,0
9779652,350,318,400,0,0
9780588,344,317,398,0,0
9781520,344,318,399,0,0
9782456,347,312,395,0,0
9783392,355,323,401,0,0
9784332,347,324,384,0,0
9785260,351,323,376,0,0
9786196,355,316,377,0,0
9787132,352,319,390,0,0
9788068,350,312,382,0,0
9789000,342,311,384,0,0
9789936,344,316,399,0,0
9790872,352,317,387,0,0
9791808,353,319,398,0,0
9792740,342,310,384,0,0
9793676,352,319,403,0,0
9794612,349,323,411,0,0
9795548,355,316,396,0,0
9796480,334,316,418,0,0
9797416,350,319,395,0,0
9798352,345,323,402,0,0
9799288,345,316,393,0,0
9800220,352,319,387,0,0
9801156,347,313,395,0,0
9802092,346,315,402,0,0
9803028,344,313,398,0,0
9803960,352,319,391,0,0
9804896,343,321,403,0,0
9805836,342,323,426,0,0
9806768,345,311,385,0,0
9807700,347,313,393,0,0
9808636,350,315,387,0,0
9809572,349,316,396,0,0
9810508,348,315,393,0,0
9811440,349,315,391,0,0
9812376,348,323,398,0,0
9813312,351,323,404,0,0
9814248,345,317,387,0,0
9815180,347,316,387,0,0
9816116,351,321,396,0,0
9817052,344,312,398,0,0
9817988,348,315,387,0,0
9818920,347,318,403,0,0
9819856,347,317,398,0,0
9820792,344,318,399,0,0
9821728,349,312,391,0,0
9822660,353,320,407,0,0
9823596,343,308,387,0,0
9824532,339,302,386,0,0
9825468,339,310,393,0,0
9826400,340,312,396,0,0
9827344,349,319,401,0,0
9828272,344,312,400,0,0
9829208,348,319,404,0,0
9830140,348,313,399,0,0
9831076,348,320,403,0,0
9832012,347,318,397,0,0
9832948,351,315,392,0,0
9833880,350,319,396,0,0
9834816,353,312,403,0,0
9835752,348,318,398,0,0
9836688,351,315,388,0,0
9837620,347,312,393,0,0
9838556,351,312,391,0,0
9839492,350,311,395,0,0
9840428,348,316,395,0,0
9841360,345,312,384,0,0
9842296,350,315,396,0,0
9843232,347,321,393,0,0
9844168,352,310,388,0,0
9845100,336,310,427,0,0
9846036,348,316,387,0,0
9846972,347,318,393,0,0
9847908,352,316,387,0,0
9848848,347,313,397,0,0
9849776,348,317,400,0,0
9850712,348,316,403,0,0
9851648,351,319,400,0,0
9852580,349,323,398,0,0
9853516,345,323,402,0,0
9854452,352,313,395,0,0
9855388,339,307,376,0,0
9856320,355,335,392,0,0
9857256,352,319,404,0,0
9858192,349,318,396,0,0
9859128,351,319,402,0,0
9860060,344,316,385,0,0
9860996,350,316,395,0,0
9861932,344,318,404,0,0
9862868,351,316,399,0,0
9863800,350,316,398,0,0
9864736,348,319,386,0,0
9865672,348,322,396,0,0
9866608,351,319,405,0,0
9867540,348,312,396,0,0
9868476,352,318,403,0,0
9869412,347,316,396,0,0
9870352,345,315,391,0,0
9871280,347,317,397,0,0
9872216,352,319,400,0,0
9873152,348,316,399,0,0
9874088,350,313,396,0,0
9875020,344,300,381,0,0
9875956,344,330,411,0,0
9876892,350,319,404,0,0
9877828,344,316,399,0,0
9878760,347,317,403,0,0
9879696,348,316,405,0,0
9880632,348,311,396,0,0
9881568,353,326,390,0,0
9882500,350,321,399,0,0
9883436,352,315,396,0,0
9884372,344,318,387,0,0
9885308,355,319,399,0,0
9886240,343,312,391,0,0
9887176,342,308,384,0,0
9888112,348,316,393,0,0
9889048,352,321,403,0,0
9889980,348,316,395,0,0
9890916,347,316,401,0,0
9891856,344,319,397,0,0
9892788,348,319,406,0,0
9893720,339,310,383,0,0
9894656,343,321,400,0,0
9895592,352,313,401,0,0
9896528,350,317,406,0,0
9897460,347,319,400,0,0
9898396,345,312,401,0,0
9899332,345,319,405,0,0
9900268,348,312,392,0,0
9901200,348,313,393,0,0
9902136,345,312,393,0,0
9903072,345,321,400,0,0
9904008,351,319,399,0,0
9904940,353,323,413,0,0
9905876,352,319,400,0,0
9906812,343,315,393,0,0
9907748,350,316,387,0,0
9908680,346,313,390,0,0
9909616,348,319,402,0,0
9910552,350,315,391,0,0
9911488,356,323,403,0,0
9912420,348,319,391,0,0
9913364,342,309,384,0,0
9914292,343,316,389,0,0
9915228,344,314,398,0,0
9916160,350,312,395,0,0
9917096,353,312,391,0,0
9918032,349,317,389,0,0
9918968,349,318,398,0,0
9919900,350,316,398,0,0
9920836,345,318,403,0,0
9921772,348,314,388,0,0
9922708,348,317,403,0,0
9923640,345,317,401,0,0
9924576,344,314,393,0,0
9925512,349,311,390,0,0
9926448,347,321,391,0,0
9927380,352,315,399,0,0
9928316,351,315,387,0,0
9929252,350,319,387,0,0
9930188,355,323,403,0,0
9931120,351,313,391,0,0
9932056,345,316,399,0,0
9932992,352,316,399,0,0
9933928,351,320,395,0,0
9934868,348,323,391,0,0
9935796,344,313,391,0,0
9936732,349,321,396,0,0
9937668,344,317,407,0,0
9938600,351,316,398,0,0
9939536,350,317,399,0,0
9940472,345,317,403,0,0
9941408,347,313,399,0,0
9942340,345,319,391,0,0
9943276,353,319,397,0,0
9944212,349,321,393,0,0
9945148,353,312,394,0,0
9946080,339,307,375,0,0
9947016,347,318,399,0,0
9947952,352,319,396,0,0
9948888,348,313,392,0,0
9949820,348,313,399,0,0
9950756,353,312,397,0,0
9951692,352,317,391,0,0
9952628,348,313,395,0,0
9953560,347,312,391,0,0
9954496,355,312,391,0,0
9955432,340,313,428,0,0
9956372,359,321,376,0,0
9957300,350,316,387,0,0
9958236,345,314,393,0,0
9959172,344,315,390,0,0
9960108,347,318,396,0,0
9961040,350,322,403,0,0
9961976,354,312,396,0,0
9962912,350,318,399,0,0
9963848,347,312,391,0,0
9964780,347,309,390,0,0
9965716,353,334,427,0,0
9966652,347,316,396,0,0
9967588,348,318,384,0,0
9968520,345,319,397,0,0
9969456,344,316,394,0,0
9970392,353,317,391,0,0
9971328,352,315,391,0,0
9972260,349,312,399,0,0
9973196,351,318,402,0,0
9974132,350,319,396,0,0
9975068,352,319,407,0,0
9976000,348,319,387,0,0
9976936,348,323,399,0,0
9977876,350,319,399,0,0
9978808,351,323,401,0,0
9979740,348,318,390,0,0
9980676,351,318,391,0,0
9981612,352,318,396,0,0
9982548,350,321,388,0,0
9983480,353,319,399,0,0
9984416,345,312,391,0,0
9985352,353,321,403,0,0
9986288,352,319,396,0,0
9987220,352,321,395,0,0
9988156,352,316,389,0,0
9989092,348,318,392,0,0
9990028,345,320,405,0,0
9990960,345,323,399,0,0
9991896,353,321,396,0,0
9992832,351,323,396,0,0
9993768,348,318,389,0,0
9994700,348,316,407,0,0
9995636,362,326,391,0,0
9996572,352,312,390,0,0
9997508,353,321,395,0,0
9998440,353,312,391,0,0
9999380,352,313,385,0,0
10000312,347,315,401,0,0
10001248,345,319,404,0,0
10002180,348,316,400,0,0
10003116,345,318,390,0,0
10004052,351,315,393,0,0
10004988,356,313,368,0,0
10005920,351,327,391,0,0
10006856,347,315,396,0,0
10007792,351,319,393,0,0
10008728,348,322,400,0,0
10009660,348,312,396,0,0
10010596,350,316,387,0,0
10011532,350,316,387,0,0
10012468,345,312,390,0,0
10013400,345,323,403,0,0
10014336,353,316,400,0,0
10015272,344,315,385,0,0
10016208,348,319,391,0,0
10017140,348,313,396,0,0
10018076,351,318,402,0,0
10019012,355,316,391,0,0
10019948,350,321,395,0,0
10020884,344,316,390,0,0
10021816,345,313,384,0,0
10022752,347,316,388,0,0
10023688,352,319,399,0,0
10024620,344,316,407,0,0
10025556,353,318,396,0,0
10026492,346,312,397,0,0
10027428,347,323,391,0,0
10028360,352,319,391,0,0
10029296,351,316,387,0,0
10030232,347,319,391,0,0
10031168,345,318,400,0,0
10032100,347,314,399,0,0
10033036,349,319,396,0,0
10033972,346,313,385,0,0
10034908,352,318,399,0,0
10035840,348,319,404,0,0
10036776,354,322,403,0,0
10037712,348,316,391,0,0
10038648,352,321,398,0,0
10039580,348,316,391,0,0
10040516,350,316,394,0,0
10041452,350,316,391,0,0
10042388,349,312,391,0,0
10043320,344,323,405,0,0
10044256,347,319,400,0,0
10045192,351,323,406,0,0
10046128,335,310,417,0,0
10047060,347,312,395,0,0
10047996,348,317,393,0,0
10048932,352,317,391,0,0
10049868,347,317,391,0,0
10050800,348,319,398,0,0
10051736,351,325,408,0,0
10052672,350,318,390,0,0
10053608,348,319,399,0,0
10054540,344,316,409,0,0
10055476,335,310,406,0,0
10056412,353,306,375,0,0
10057348,344,311,384,0,0
10058280,349,313,395,0,0
10059216,350,318,396,0,0
10060152,348,316,398,0,0
10061088,350,319,398,0,0
10062020,351,321,391,0,0
10062956,352,323,400,0,0
10063892,350,318,398,0,0
10064828,348,318,395,0,0
10065760,350,316,397,0,0
10066696,345,318,395,0,0
10067632,344,318,396,0,0
10068568,351,319,399,0,0
10069500,351,316,386,0,0
10070436,344,317,391,0,0
10071372,348,318,401,0,0
10072308,355,323,400,0,0
10073240,350,319,403,0,0
10074176,345,316,399,0,0
10075112,349,324,411,0,0
10076048,350,313,393,0,0
10076980,347,319,396,0,0
10077916,347,316,388,0,0
10078852,344,316,393,0,0
10079788,348,319,390,0,0
10080720,352,322,388,0,0
10081656,348,319,399,0,0
10082592,349,319,399,0,0
10083528,349,319,396,0,0
10084460,350,322,403,0,0
10085396,351,323,393,0,0
10086332,351,324,401,0,0
10087268,344,321,391,0,0
10088200,350,315,391,0,0
10089136,352,321,397,0,0
10090072,349,319,399,0,0
10091008,350,321,403,0,0
10091940,350,319,403,0,0
10092876,353,322,400,0,0
10093812,353,323,403,0,0
10094748,349,323,408,0,0
10095680,349,316,390,0,0
10096616,348,314,388,0,0
10097552,342,312,387,0,0
10098488,344,313,391,0,0
10099420,345,312,385,0,0
10100356,352,319,393,0,0
10101292,351,325,409,0,0
10102228,348,313,384,0,0
